788
561
32
117
769
74
649
457
240
205
149
330
351
195
993
568
829
458
967
79
268
331
677
368
497
433
396
936
140
472
20
362
144
10
326
957
687
764
515
143
914
703
661
640
86
699
142
150
771
625
282
745
154
725
374
457
884
664
619
336
677
712
317
767
185
787
186
341
869
36
881
64
942
823
164
564
669
36
281
797
291
246
165
514
190
274
208
418
636
868
72
23
144
179
466
202
386
893
455
298
513
801
281
734
744
217
803
330
560
809
787
847
382
822
45
431
546
802
576
910
579
767
704
0
963
857
919
763
357
962
177
775
581
983
284
489
964
430
770
972
471
877
858
826
81
225
641
322
134
34
655
584
316
544
719
745
96
281
771
886
297
40
972
597
631
11
266
398
537
555
466
115
31
604
438
701
909
877
918
738
216
597
628
323
307
593
459
36
264
539
392
683
659
883
675
431
905
260
195
70
958
242
785
578
567
539
552
712
106
17
835
219
362
33
670
700
411
649
290
38
552
230
134
998
162
783
456
147
928
7
796
649
682
848
779
973
811
49
755
767
41
746
930
246
703
173
320
626
213
974
19
255
969
157
518
728
107
786
416
784
82
404
783
98
221
185
537
514
253
696
888
361
894
522
996
805
300
888
294
989
462
830
934
954
988
541
680
525
330
51
866
24
633
970
685
637
962
831
25
517
636
806
373
517
85
658
361
446
160
712
428
219
492
427
322
252
469
829
110
680
505
11
183
202
830
863
728
924
837
359
843
468
863
776
352
655
457
417
868
330
179
233
364
618
622
646
532
206
648
432
167
132
721
345
11
624
622
170
687
221
930
437
609
801
869
960
356
715
74
666
795
52
961
780
500
272
647
565
579
183
331
521
275
405
191
710
746
517
765
728
33
286
729
646
400
742
623
562
748
662
290
817
131
981
636
114
171
941
844
739
977
57
591
503
890
408
161
204
610
158
214
838
950
346
633
509
322
314
379
757
649
84
816
916
892
513
389
294
768
76
538
804
672
26
750
976
694
226
756
991
581
419
952
590
448
451
867
785
348
127
791
857
561
87
89
893
240
674
610
376
18
866
436
533
619
409
165
924
595
657
814
96
558
388
175
229
131
226
468
441
646
604
945
640
285
681
242
585
936
857
735
19
615
379
972
714
983
419
970
38
286
943
189
691
312
695
299
173
911
860
762
13
206
169
730
414
920
795
248
938
167
580
987
738
921
794
481
178
415
460
246
711
256
429
154
703
414
254
328
590
382
68
673
76
95
722
813
445
649
558
794
188
171
31
871
706
955
451
770
517
213
120
758
451
613
50
757
776
15
26
0
666
466
658
555
98
906
911
643
199
981
36
528
857
666
58
539
224
558
448
748
962
484
810
376
261
310
222
462
44
964
37
430
622
557
127
721
513
476
773
799
43
808
571
536
177
592
901
784
555
510
533
218
567
278
37
181
656
281
294
787
684
449
598
234
944
606
905
299
538
337
26
748
784
648
704
154
913
274
199
669
409
437
907
534
431
818
862
344
520
946
65
231
182
986
115
594
209
336
592
571
686
601
245
218
483
785
434
918
573
882
268
381
82
624
377
246
541
64
803
125
743
561
779
592
271
794
566
798
532
110
945
576
681
628
983
807
191
689
50
646
384
943
770
637
677
683
149
557
608
869
52
144
533
467
827
124
822
653
946
689
218
635
386
463
937
691
700
454
640
569
54
852
14
157
740
799
790
141
914
588
645
8
189
663
58
800
43
214
800
858
985
538
743
360
427
748
557
307
699
986
982
695
916
39
814
200
130
376
726
28
333
680
739
357
44
210
446
722
404
137
647
485
653
781
584
516
108
653
729
991
241
483
442
927
605
949
91
150
849
857
669
667
488
772
525
304
799
385
316
216
302
835
902
562
339
497
41
134
454
297
91
477
646
734
786
850
238
811
752
94
118
295
873
547
467
979
997
881
256
279
717
723
336
512
689
406
580
880
588
108
907
956
695
551
765
192
21
753
985
674
66
987
633
222
98
6
961
355
94
359
499
160
877
175
579
368
140
133
45
380
269
358
222
644
186
161
600
321
781
275
958
243
895
581
213
729
90
114
414
682
445
225
786
229
608
747
78
520
971
397
52
887
708
605
405
707
765
989
35
936
405
639
573
818
400
256
264
296
961
849
277
25
719
362
934
44
572
992
35
439
82
80
349
383
223
71
534
290
176
505
964
101
79
477
276
805
652
967
829
351
482
782
558
122
120
26
167
346
670
361
135
772
953
595
853
325
290
189
595
