10779
6807
5554
5591
10916
6657
12185
12849
5396
12455
9262
4564
9057
2746
9410
7623
3548
7605
5013
5307
47
12641
13606
8758
11494
7102
10257
7552
844
9652
10675
2542
7852
3834
11573
11469
9556
6443
14415
9991
3937
4503
1905
14638
10434
11088
3424
9370
13081
11201
8415
10463
6586
814
11671
13138
8201
11796
9096
3814
11399
4632
12005
10743
1780
6720
11711
5222
6172
12941
13066
12105
8190
10022
1370
10544
10736
13967
13324
406
3678
887
9470
4643
1237
212
10955
7037
7162
13434
3267
12760
12347
10600
13592
14304
7497
6161
12857
3713
14376
13201
3198
139
13134
11310
2272
11563
14444
1127
2402
9234
13472
8689
135
10512
10162
7362
9506
1568
10764
4674
13060
7737
9674
306
14758
12589
11430
2065
3046
4574
1109
9610
1030
5477
12688
9330
6508
4927
12939
14392
7593
6035
11032
9033
14288
3657
10465
3079
4142
135
11654
11289
7949
9701
140
10460
5465
12827
11551
4683
133
12378
13080
12827
8124
3861
7659
9657
12823
831
853
4578
3629
11372
12080
7025
11705
641
1018
11100
2124
8350
12923
2911
7919
4820
1661
6328
5337
2228
3865
8681
8375
8256
14258
10214
7954
13204
909
10426
10998
807
5256
3310
14282
7076
7660
11576
12620
8115
13755
4824
11809
451
2558
6783
14455
10169
4907
3303
2200
1330
4320
10594
11966
7172
11203
10372
12113
1866
14071
13500
14731
5592
102
1316
3094
9612
3628
843
12160
5084
8707
12221
3473
14040
11871
7924
5697
7475
10759
12784
8297
12605
8226
9667
11486
9661
6344
7109
10873
12287
14462
10754
9044
255
5092
6216
348
1242
3688
4842
6541
4064
6143
12115
7622
7099
7121
12925
10300
3278
4675
4638
6106
1286
5202
2126
12365
5434
4829
8432
3268
11519
4970
14872
5622
12952
3177
3218
8948
5655
7575
4454
3786
5917
6243
4233
6461
11111
2045
4387
2539
8419
11809
7594
7611
9824
4648
7757
10052
2966
8851
9914
11412
10255
1574
10021
14093
6271
6493
9669
3921
3903
3977
4645
10702
220
851
189
10043
969
10665
1254
3389
441
5893
9849
14709
12375
7260
10798
8304
10419
8165
5982
11803
12661
8042
8531
4343
11221
5139
190
4618
7375
466
13636
4441
7163
11892
7391
8972
4458
12714
9082
7300
7596
6524
10970
4362
6725
10312
1717
14010
10694
1364
8501
10737
12995
7841
13040
7178
7320
10846
13821
10830
10474
11636
11013
14975
7257
5407
7545
483
14869
1825
3846
12705
14083
13681
4206
6136
12071
4168
12618
909
3421
1180
8923
6010
6964
2898
6446
14322
13851
213
1651
8612
13892
13252
11826
10960
10511
10995
12105
1317
2766
1234
14140
8868
12518
10795
11654
14314
3634
6903
10106
3152
13228
12912
7408
9294
2712
5002
8010
4358
13961
8223
1631
14656
174
10233
13812
830
1854
8246
10625
1076
7063
11300
13142
2187
2039
54
8492
11168
6243
7131
10687
6947
5106
13499
10384
980
5843
2531
8247
5508
2984
7746
2356
9542
14602
14484
8694
2285
11983
10823
12459
10388
11278
9030
11088
1927
14769
5221
7255
2658
11510
11841
13115
6829
12536
9684
9550
1674
14848
12832
9987
14323
14998
5116
13092
14317
8944
3599
2584
2554
6359
6207
14185
10420
9672
298
10669
11076
2410
8457
1210
622
10275
5589
8998
6142
9631
10526
12006
4918
4934
7019
2436
14150
836
13135
10390
6161
10937
11771
7983
11169
2637
4700
11298
5303
12656
2695
12156
12238
14014
13473
14263
6391
11621
9364
4047
9409
11118
6950
4686
13417
6593
12665
12620
14339
3771
34
9583
11536
4907
4507
138
5639
473
5040
12985
5574
9290
3694
8486
6936
13370
14768
5903
6460
7755
11044
2528
6471
9088
981
10042
3987
7085
9565
4576
4971
7080
11958
1532
12621
8111
620
7330
9506
13334
8624
5917
6581
11379
13472
118
7424
13463
12749
47
6825
6762
6159
6584
7726
12505
3111
2448
3926
9465
11151
13553
5908
464
8013
13494
12331
2162
10865
13824
12749
7437
11396
8125
14131
5126
10947
10092
10615
862
2618
5523
9335
9518
12751
13209
921
5374
8805
115
4999
13172
3404
41
2183
10070
9
6116
3365
14978
2787
5261
2598
13925
2297
14387
10365
13033
7452
2600
1558
8019
6832
3063
6847
5627
4218
11389
2713
9804
12573
6956
8357
10749
8824
14577
4033
11355
5942
4060
5116
4831
6726
10637
13075
12356
2925
10409
7221
13364
2843
2887
12922
6204
13557
11980
6339
340
8194
11556
5852
3620
3403
8560
2405
10830
11904
6848
5100
2720
10353
14010
7091
3391
12484
11726
1292
11195
4987
9490
2702
8808
4168
4349
6961
9685
9034
2152
12192
11844
8237
3692
3160
9385
13208
1495
1427
13165
8231
2244
452
11076
5308
4500
3010
3833
10796
9530
8720
1830
10687
10143
10352
13704
8854
12043
14452
14054
1599
7720
1796
9751
9656
8256
9482
6660
10849
12706
5182
10988
10299
3127
2964
2743
9037
6626
3499
14667
1338
3128
13889
14503
8432
10362
1156
13093
8340
4456
531
1165
2043
2373
11566
511
448
5701
1419
12052
10018
11349
7983
13090
4347
12732
6530
7560
7179
7609
4666
2227
8543
14784
12715
13471
8830
2292
1319
14293
7100
11388
13320
6393
12174
4017
8944
7925
6561
2452
2294
3336
5206
6447
4649
4988
10144
799
10156
10700
3831
8595
5914
730
14789
13303
7621
2258
4657
13094
6680
13155
4381
2126
4951
13629
13029
1589
915
329
3787
13604
999
4727
5314
1330
12021
2096
10135
7727
3326
8031
7136
5618
10462
13505
5474
12590
6603
13871
11396
6685
3268
8466
10772
4139
13954
3079
1496
6019
6959
8554
14883
9826
6912
5226
7596
1186
10415
13459
1281
5524
7123
11930
9768
13648
6019
13763
6664
6446
8155
439
9986
2044
3933
12101
10336
7533
8955
1175
2375
8941
600
4115
767
9771
8147
12310
13705
5235
5909
4287
2174
8144
12589
5871
14562
6338
13698
12123
13119
191
11415
10050
12864
6520
13568
12839
5893
9811
9890
62
7231
9239
11083
7340
4924
3008
11162
14996
5501
8709
57
1428
537
3867
13264
1841
4454
13061
12539
3998
8834
11832
3055
2184
12525
5550
6251
9247
11202
10308
6416
3894
10345
5846
12055
7935
12060
5249
947
11554
10175
13701
6621
4410
134
9986
9512
8996
8256
11726
8384
7831
12272
5891
6228
10399
6183
8899
9814
14374
11756
1915
3793
10192
2292
11162
6083
9690
6812
5328
4781
14205
12114
985
8823
10132
5210
13645
2049
2539
11037
12254
990
14475
1923
13585
6622
4453
14618
1655
1751
3160
10435
1572
14797
8259
9908
11429
2118
3971
3903
14822
2184
2927
6945
9179
10717
11286
12068
11095
5189
7538
6850
7274
3336
14502
925
4317
8269
3706
4540
1630
10072
5156
3577
1620
3770
10541
1188
564
224
8781
11526
13077
13636
11215
10070
13063
7530
7744
2868
10335
7385
3522
11465
9213
11310
3160
13236
295
7334
5590
3159
13412
14431
2273
4749
12027
14350
5325
5408
175
10098
11504
10870
11408
11012
8772
8638
7121
4431
2862
11787
525
838
9204
9245
6550
8690
9364
5309
610
12305
892
8229
9634
5621
13114
13646
11363
6466
13042
13712
2204
2335
2692
236
10880
7652
57
13200
2538
9521
6114
10863
4471
8802
2634
12573
5226
8027
13199
3337
4986
15
4798
2870
9205
3274
1236
5787
12897
10125
12275
655
6389
4149
9583
13189
13145
8967
13364
13897
8633
11163
2771
6088
6191
5029
3758
831
2987
540
8419
3335
8266
9705
8726
2189
12536
14821
6031
7606
6415
9270
303
7412
12245
5458
4474
322
14219
4444
14427
11259
9663
14301
9703
8823
12244
13710
11679
4176
14516
404
2800
12357
1706
8940
7388
11683
10423
7394
653
13324
2936
5758
7481
14362
10860
10358
8843
732
555
3435
1611
13542
1113
12160
8671
8965
1
14903
4944
13826
3142
1854
8089
6011
6470
2945
5705
3304
13069
7790
4899
6825
3791
1103
8322
3905
6819
10341
12963
1885
4867
10946
3620
11080
13792
4257
11244
4546
269
13423
11681
10519
2449
1827
10181
1081
12668
1470
7892
7914
4652
5538
2662
7764
13536
9786
9750
9
3837
4766
2146
4660
1940
3059
8959
7195
13233
12008
7218
2212
6701
1159
3035
14646
11108
9379
4376
1964
5922
7240
6236
5348
2448
5048
12232
14328
8284
10856
12544
4006
9506
11234
708
10503
11277
7021
8579
14390
7867
2985
2848
659
9252
5679
1212
3493
2502
3016
11655
4156
5410
7786
9087
11597
13529
11797
2212
11891
5826
9630
13911
2377
14463
3211
7705
10467
451
7532
3368
4087
799
4985
9096
2936
4392
5577
11095
11768
3836
8739
11826
5267
14200
8388
13596
1720
2147
4111
11973
14479
4809
11688
8563
13237
4074
470
1195
6040
12974
5745
3041
9970
14647
7568
3357
424
13690
6150
7204
7952
701
5443
8054
12086
12804
8643
3177
6075
4615
5985
8319
11339
10558
3888
14278
4110
11422
10858
13862
3921
4381
5055
13794
13090
5697
1855
5620
6632
5031
13171
3030
10996
11906
4021
13778
14365
3633
11477
433
10430
12293
10120
1424
6989
12425
6701
14411
10758
8289
14246
4002
2831
7288
3282
3571
10646
6649
9964
6388
10948
3023
11544
1044
6443
2954
12322
14433
6537
5110
14912
477
14944
10424
3431
6628
9261
3630
6805
665
13995
2443
9861
13342
5784
9169
198
3708
8623
450
3131
7716
8669
5088
4485
7407
748
9075
9981
4034
103
7268
7874
5648
8377
13768
4057
7406
3857
11654
9309
7016
14844
9298
7392
8504
8162
13202
10259
12274
2755
8614
5809
6087
1979
7196
6807
9856
5939
11024
5879
185
8649
2770
562
6727
9569
4213
4965
7016
5112
7792
14850
11969
6140
11114
7872
14370
12695
10980
14245
2546
13815
12706
1278
6488
1459
1787
3668
1180
6961
9201
1466
7833
5774
9124
13367
12073
8736
665
13935
3948
8236
3243
7162
9963
8763
8839
14946
5864
14324
7436
12160
9959
11779
3333
1370
10942
1492
9073
5267
7781
544
3784
54
10910
6325
7017
6194
12016
12747
10798
5634
12029
12045
10296
9309
10571
5544
6314
12724
7619
1840
12804
1856
14524
12040
6507
11053
2441
7753
2425
10581
14662
10398
6153
3404
4452
3188
11251
3637
1746
2644
2930
8116
3525
1802
130
12914
1482
9023
5798
5397
10177
11349
12647
5941
2739
1927
530
13870
14818
10963
3752
4262
10321
217
5971
1631
5891
6892
4857
7382
9293
2677
10978
4975
13910
4687
13331
12721
11909
8592
9570
8418
1955
12027
403
3313
12751
212
664
2524
2658
12380
3819
5782
13891
13668
12794
3308
10831
13499
7022
9590
4165
13415
11104
7500
370
7672
7030
13052
3596
2809
1960
6226
1392
10334
2306
13294
14813
2657
3879
5679
6227
2333
4724
11912
13858
5196
6083
242
6892
10022
1889
13409
1569
14980
4253
3540
923
7903
2942
5078
8181
2612
13927
14848
10420
12592
4389
3557
11361
14500
3495
8173
9619
1343
3363
1831
8690
14192
8642
10174
1589
6788
6159
8573
919
3550
4656
1412
6080
13766
12371
6909
14715
13801
12498
3615
3406
4876
1492
1265
807
2525
3880
7392
6527
8716
3789
226
11616
2422
9849
1731
14261
7768
3489
1392
11453
5353
13929
6869
7936
2976
12476
12595
2129
11585
8458
10818
3844
14747
13424
3814
12700
7377
9367
14063
2908
13766
2046
7203
14761
4429
4795
3658
3917
10639
7648
6946
10311
11106
7162
13052
5946
9622
8328
12830
5048
6285
5262
9942
257
7970
11382
11868
3997
6034
4031
6884
13401
4426
13483
12686
3307
6725
7108
3506
13180
8818
8678
6489
3936
1511
507
7737
7585
372
12867
3077
14048
11536
9014
11623
8504
7103
6945
6790
8047
7926
14661
12882
6608
764
8545
5884
12622
9475
9745
14220
2514
4822
14650
11230
12607
13773
6005
13746
7463
3644
4283
3625
8166
953
7835
1865
10411
1860
4182
11203
14780
318
10459
5253
9157
10795
14880
3172
7966
9623
10114
13110
5626
13646
563
9225
11885
12784
14016
9731
1098
8198
14326
4402
3643
11036
4715
5655
7928
6680
10472
10762
5293
13541
14440
2196
9363
9396
2073
1811
13892
2832
5780
12840
8529
6172
12998
9520
390
13609
4979
12627
2844
9450
10105
6582
991
6056
1609
13120
6080
9225
10243
1285
14150
14352
7816
7085
14206
13367
14862
2488
10710
12204
10838
13265
2418
1486
10873
12470
13037
10195
5264
9318
1700
12845
7918
10842
3435
7858
1204
3307
7787
3952
10731
4666
7589
4494
13690
9177
13356
5912
10313
2023
13747
2491
1916
5639
13612
11840
4163
14504
10182
4138
82
10885
3961
924
14585
1304
6433
11973
3650
6348
12162
11555
9701
6758
1473
6172
5676
12923
2796
1695
14114
7125
14881
3241
10571
14209
10928
2278
12230
6595
3694
1700
8124
3648
3869
14845
705
6664
4909
12385
2743
1383
2262
3965
4860
2191
7789
10158
4166
7440
6164
6240
11707
8486
5024
7957
11003
719
5353
375
5375
4155
14742
12055
2653
10462
3431
6053
2888
1627
5466
14012
8014
5411
13952
12730
4863
10916
13380
8380
6419
770
13112
4790
431
12454
4992
14637
13623
10912
3841
14986
1311
4533
7009
13588
1640
5207
1311
9398
13760
1736
7270
2538
1973
7152
13226
6296
9534
7293
3094
87
2338
11972
8956
4605
6042
9952
11624
5199
5469
3793
7430
6976
12785
5480
12700
3480
13401
363
11090
14655
9605
3982
9619
4683
8499
10574
2816
8278
14228
13696
5102
6329
7818
3754
12647
4338
10577
2403
7546
6688
8583
11111
3928
9966
9306
294
4752
11493
9451
9745
7894
9171
11203
3438
5482
13356
2352
4272
11105
10468
7135
3345
5971
6773
13691
1100
14158
9031
7833
8362
7903
10997
7817
4402
6072
13493
53
14653
10377
8205
5822
6323
13827
4482
5801
10931
10126
4379
13272
14290
1985
6304
6297
12078
14552
5238
5139
12155
11275
8205
1135
10721
3660
1088
1842
11897
1353
6800
12365
6988
13302
2699
8895
2900
4646
812
4517
1489
972
2759
5974
9778
10759
8542
6377
1598
4700
10739
4849
834
8353
2898
3378
2172
7069
10100
2663
12739
2639
8904
9577
3325
7014
6283
987
14286
12409
3397
7432
13740
720
3650
11182
8515
2230
6357
14961
10118
9711
244
7197
5614
1951
11530
13634
10404
14320
6722
10830
9545
13148
6778
13849
7068
8182
2649
2764
4475
7554
7090
4188
1302
3306
6109
113
4703
6715
9863
14941
712
10139
7545
3027
2395
1707
3962
1373
10483
7648
5583
14965
5686
7567
12887
591
8942
4800
4114
332
14581
3593
10486
2563
2620
11055
5894
2307
10841
11416
8931
3689
4457
6781
10117
14406
5603
3750
11454
5361
4220
1275
7280
11827
1971
7125
13501
8734
5419
5517
6171
14902
2600
9530
360
12119
14652
4981
407
6339
10812
1654
5532
14066
13716
1893
10507
13905
12449
13480
9987
5192
8346
13753
11112
13305
11312
13658
592
10495
12553
12159
11888
5324
5245
9028
1088
9927
6421
12998
14753
622
3343
5114
9548
2565
10743
8213
13110
77
11618
14596
11285
6938
10529
978
6556
3847
13417
2054
806
994
4389
4911
8785
13652
4766
207
8821
4688
804
579
7483
14451
13727
9365
1849
3231
4204
8547
2562
3099
547
514
13877
12957
874
4949
9794
4266
2471
12241
11510
4366
12192
13758
11233
13431
11328
10896
12798
10535
14392
8422
14272
11038
7112
11833
8210
1163
14129
3325
14643
4870
14492
12706
446
3874
6034
10828
12778
14817
5413
4554
2216
3563
4069
3117
2259
14969
13132
3417
6902
8308
10748
7026
3707
7125
1241
2838
5844
4040
11738
8630
5137
14146
12597
6640
4874
14485
13312
7358
7396
500
13117
12981
5122
9837
6205
10709
6969
3995
9574
8241
3031
10711
11422
6334
9121
7465
8999
8320
2632
3196
4984
8737
3079
11782
14417
3069
5965
12429
13242
2773
1657
5774
11021
6402
10190
12767
1904
8869
919
5532
10869
1848
9465
3496
5599
9425
2723
6263
12518
12409
5485
4991
4725
4200
10516
4379
9902
8339
10419
3135
4743
9539
5753
6800
6584
12256
14690
5020
11144
11354
5560
130
7401
12100
7326
3135
14271
14582
6183
4992
346
14702
14910
833
12288
11665
1048
6820
10885
5811
2864
8565
13449
12783
788
1329
11095
2665
11911
8342
9734
12702
10118
1163
6848
5355
12589
7625
11873
7380
5107
10319
2155
5427
2789
5041
9629
4920
9512
9918
11208
7869
9134
5333
8489
11995
1680
9617
11311
5997
7040
11606
2671
12841
10258
2643
4583
13746
8984
6933
14075
8422
9947
3505
703
7545
6409
8022
9994
10747
6700
6175
8152
1992
12134
1864
3567
4785
7674
9853
3675
2972
11314
5876
340
8500
7647
4314
10168
146
457
10882
10935
2579
10843
2785
12922
5629
4629
944
5585
8657
14623
563
14296
865
3454
678
706
8393
14075
14797
6072
14131
3257
11103
12108
4071
3164
7202
14897
2095
12854
9848
10289
10817
10239
5573
6149
9348
3941
12937
156
6730
4267
10017
3349
10750
6579
14475
5046
6969
3607
1774
1070
659
4809
11803
14321
14739
5677
8851
2465
12427
1046
3489
10803
4775
5273
3478
5625
12880
9528
6358
4452
1137
14641
14342
9863
8239
7754
1357
12491
3688
2155
7928
13487
11079
8777
9629
6007
13435
6251
6410
3670
10090
10472
2728
5683
777
14214
13574
5476
3100
8849
7165
12440
12248
12322
14932
1018
5467
1939
6081
6985
4319
11360
13776
10271
8118
5002
14724
10997
10644
12471
7190
6628
3118
2688
9362
5665
11912
8658
9086
9025
9180
10881
9391
9838
9989
10487
1239
13756
8844
8611
540
11495
170
14425
14350
13730
11695
7457
12565
10775
14490
2576
9832
5629
1659
537
9321
9560
2960
9267
4105
11808
7853
12056
12804
8438
1968
3937
281
12630
3762
967
2152
2032
11930
10694
6458
3693
3337
10632
8969
4455
11093
13310
9534
6603
1049
3761
8179
9452
1165
6679
10796
14576
4505
3731
3641
3113
1620
5912
11761
7758
7175
14934
7013
13523
424
7799
8698
5965
9078
5628
6222
7327
298
14650
715
9543
2522
6201
7389
13207
10758
5828
11464
12083
5171
2575
12527
8199
7052
3345
2073
12425
13871
1211
12279
11158
6297
11011
6179
8249
10062
2214
374
10537
457
3468
14278
4854
3015
9098
591
10419
13523
13554
11999
1346
3470
9929
8352
12848
10272
499
13912
5733
3555
8796
8456
14087
2371
4557
3245
6511
22
14139
3144
8544
5454
927
11626
1702
3297
7672
5183
12954
2754
6654
13902
316
4211
10932
7688
11367
2658
8330
12976
9563
3302
9641
6982
6660
10011
191
2483
13458
5852
9080
10396
14383
10410
3455
10892
2543
13303
6649
9551
2600
10316
957
2979
11900
9894
8139
9876
6438
11869
6878
3852
6691
1162
8580
5241
10813
8944
4965
6691
3106
5189
6724
7101
8674
11257
14518
4906
755
40
5144
13063
11009
13778
10376
14246
2344
6662
10081
11766
1871
5315
11044
1589
13974
5227
3705
13220
1829
13213
79
8598
8338
14958
6445
12410
3591
8856
9305
643
10375
3233
9120
6398
6724
8814
7843
7912
5785
9333
2897
4150
13863
8198
4819
12791
9144
5135
8126
3446
7551
1297
3077
2541
14961
11546
4725
11050
7333
12965
10654
8487
12357
9437
1390
13638
11194
4646
9865
5160
12384
10792
7435
7495
10316
10928
9735
139
10139
8654
3266
13456
729
5858
8092
9078
155
6578
6436
10178
4088
11792
579
7820
13679
9410
6793
4425
6807
6181
1596
4497
10270
2966
6061
11758
8862
10581
7225
4033
1811
4585
911
13678
9699
12198
7757
6498
1345
7312
13482
4615
13209
14686
1071
592
10213
14614
8816
906
4134
5309
8331
3957
7058
13768
3186
12763
14797
11333
215
4573
14353
2403
8367
14502
10880
1900
13120
1481
1652
295
3079
14495
7698
11980
6288
10583
1894
5469
1545
9247
1765
6319
14898
11501
11254
11953
6620
10930
9011
9994
6701
5012
7097
8908
5262
10806
6319
1569
4711
8313
1494
7335
14253
3839
2229
8836
11259
10077
7480
7603
10868
9327
9787
5967
2808
8034
2504
11865
3248
13927
10279
2189
7469
6657
8594
13067
7397
13790
6718
10482
4263
325
757
8232
7753
9430
7065
11059
9271
2417
694
11543
3450
1407
14125
12373
10224
1129
6100
12228
8301
9454
13320
5784
13033
14304
14865
7596
10244
4162
1438
12469
3359
11998
3340
10543
8570
1555
13214
8377
968
6445
2593
831
13233
13736
13739
6061
7532
11221
2842
6268
7689
9489
2180
9809
2004
9973
10198
8448
9564
14469
814
5109
978
3224
8183
6452
13067
3582
3803
8669
2914
12722
11259
1856
6860
12489
7550
14296
565
8803
64
14023
1319
10170
4779
8869
9817
8531
8538
13596
6356
4766
13812
1499
5630
12484
14853
10008
5552
7286
7994
3950
7417
9172
3353
9967
13230
324
2948
4515
2423
10902
7883
761
14405
1790
3789
5807
13445
14314
11635
4536
10043
5206
2313
13148
13909
9759
11225
9375
12636
12542
8743
8278
809
11114
6605
7146
6816
9812
10639
9492
5582
4023
11173
10454
11882
13051
2094
3839
8694
9045
11563
6238
10651
3457
8906
2211
6859
5205
11057
3470
4098
8573
6879
4880
2158
14604
14951
3290
10184
11642
13991
3632
3675
2142
13954
6019
9033
6859
1265
858
7665
7386
680
3590
979
2505
12626
12351
2207
4394
287
1611
13755
7168
5393
12009
12143
6292
8295
12277
13099
13803
8654
12052
10054
7930
2563
8508
4503
2886
8177
0
3939
10199
10805
11712
7892
3288
3901
14653
1978
2600
1083
5790
11355
12380
4877
11506
11749
1944
8876
2740
13563
3987
2758
8861
13732
3628
8536
8048
14941
4117
7847
14320
11217
286
12671
3556
11363
8681
4117
8855
2391
8642
10299
10499
12719
2864
696
12673
3053
6057
11759
2559
9010
5436
1437
14952
7440
1943
12980
4263
9752
10852
14711
12860
9752
1763
9572
11068
14709
1320
142
3067
12827
21
349
4920
8688
7259
11141
10868
2931
10862
4995
8884
7357
5288
5309
5780
13849
12719
11115
9420
10701
14853
14102
6539
8931
12438
746
10956
8291
4628
12964
1732
5914
8691
4731
8989
5087
11516
6263
181
5801
2111
1331
13889
5857
5827
5502
4463
11454
3792
12218
1990
5205
5722
7366
12973
918
8810
10989
11249
6512
185
2576
13303
12897
3262
2969
13666
557
11319
693
2333
6455
10934
3618
8589
13521
213
681
3104
6935
11283
14502
4498
7409
10974
11527
192
1324
6757
8071
11276
527
10013
8668
5616
14535
3027
991
2594
2857
6836
3906
134
3098
9885
10534
9271
2104
13777
14452
704
8128
7885
4314
10229
682
13077
5894
1923
6735
2777
12341
8799
3248
4416
1806
11441
2265
13001
9054
10493
14221
13087
246
98
7376
14368
1400
12524
440
2255
13088
2547
7305
7366
3148
7642
5699
13439
4933
1457
12133
14068
10859
80
9495
10107
11885
13682
8079
14092
7006
4102
4723
3958
1482
10041
7638
4215
2852
1314
11677
8370
1482
4479
4689
9793
1493
10881
1267
9164
5742
3825
8067
7596
13360
153
2227
165
5602
12269
2482
2717
4444
1347
10249
8985
12823
3347
5883
8107
3
1483
10587
3619
4779
3763
12585
6380
10391
14702
8613
1004
12414
13915
8350
3180
11034
12126
5598
1329
7813
7472
13612
5583
13832
8959
3925
135
9229
10703
11969
13146
4997
8160
9160
4258
8238
4448
2817
9596
2567
10847
4774
5900
3656
1477
5303
5529
7996
7069
12951
697
12749
4553
293
7530
2870
5003
4786
10819
14837
12450
12150
14688
2732
10466
11006
4253
4754
4091
9941
6585
9309
11001
13762
11966
2698
7712
1926
12354
3656
13395
7138
2159
12751
11272
397
444
7867
1630
1387
3234
14661
6997
9759
5116
13696
5086
3168
8190
5471
1049
775
3905
12127
6365
6387
1747
5791
3327
4831
10158
3077
7432
7163
1441
5312
9990
1936
6459
10068
10562
11386
3123
2704
6707
6924
2311
1242
8645
13269
12612
4544
8736
6882
2606
12620
3233
5032
6385
4885
13649
9652
4539
11798
6229
157
7229
14834
8317
14804
3706
3149
11708
13121
9909
4663
12651
1200
5420
14441
4075
505
12146
5058
7219
5614
9340
549
4556
3821
2078
4958
10550
1574
11418
909
6846
6324
11475
6550
14694
2477
7924
8840
9562
9462
7835
10614
11973
12943
14968
2032
14612
6944
809
13144
12506
14481
4579
614
5816
6679
10278
4495
12725
13747
7598
10134
1702
8999
12816
6326
4725
13869
14746
1598
7580
3305
10495
12756
12778
13725
3575
6613
3852
46
5346
3606
764
13274
3403
7365
1745
10860
733
8015
7199
3429
11114
10815
1864
12701
8912
2974
126
8642
12307
742
7197
14211
5563
9200
3985
6822
2836
7090
3103
3665
643
12679
8401
3992
9370
3427
5595
5451
4580
8864
13135
6731
9399
4151
7190
14680
10892
77
4813
601
6486
10210
2739
4603
11408
1553
7711
9203
3379
9923
8024
8643
4911
3534
2785
13435
2413
12872
3331
5484
12378
9675
4061
3442
2606
466
4812
1411
2009
4305
10929
2758
2276
2502
12178
5432
9940
3798
7583
7817
10716
11392
2071
9657
840
4492
1819
5865
1365
8755
12266
13020
11746
14329
3222
11810
6149
14296
1996
10942
11740
6300
7193
14074
13993
5266
6366
2409
6355
12352
3494
13614
5288
10513
9767
986
7604
9403
2601
13114
13646
13947
45
8254
7038
12909
6011
2947
14279
368
14283
10643
1801
11640
11076
4416
4199
2996
10664
10574
13125
14409
14509
4012
5261
13652
7731
1232
4561
2236
4205
11745
11694
3881
12295
12793
6254
13939
7035
1083
14254
3419
3130
5987
13069
7850
11813
8648
14437
5351
11787
4607
13739
7027
14989
14237
14437
11032
2993
8386
5177
4779
13386
12043
11162
2538
13949
12919
14344
13282
13161
5260
10960
9580
11320
9706
11279
8522
5943
12410
1838
14083
1794
14209
5449
14598
13005
4667
3892
13058
13355
10221
10945
13649
10906
9474
5033
6087
9825
10530
8901
13893
9303
1155
7189
6527
8646
4159
10707
5283
2957
5915
5088
5582
6547
6094
2984
14176
6593
11563
4532
9282
9027
1286
14926
2939
9314
12311
13673
1845
4672
5192
13697
10412
3508
2945
4779
639
7019
13922
5951
8846
8959
13609
10100
7440
5132
5363
7102
4811
6490
5857
14493
13261
5997
14619
4866
8016
1228
4250
12212
11335
5485
8861
610
12765
7218
9676
2073
3601
1314
2344
7156
7671
5612
10686
322
10417
6185
7485
12806
3951
5209
8862
10355
13815
5699
436
4415
3889
13079
11763
14411
2769
1709
9615
3360
98
12999
12335
222
10456
3289
3500
3497
4145
13700
6821
7648
10311
14297
9448
1830
8742
6443
8261
6126
11623
13506
1794
7065
6781
5260
13184
5522
4551
2933
4386
5962
10996
7326
224
12418
8850
7263
2349
661
1709
5365
6210
114
13878
7787
9103
4592
3631
9932
5668
11326
8447
3489
6737
1591
11204
5269
8440
5195
5104
12977
13945
1212
9314
858
11651
2984
14073
12029
7980
1479
4093
7600
4417
6258
7296
1680
8187
13994
11157
8592
1891
9619
12264
8059
12515
7507
589
13632
1214
3580
13822
12153
10557
3731
6419
4998
5799
13019
11136
6118
5518
6601
1951
4189
7233
847
14072
478
9295
9524
12082
9446
9038
11512
11086
4326
3947
1254
3343
4144
2395
440
10815
4400
2656
6939
12042
685
14838
2298
10880
10168
2858
5038
3073
10290
7668
8074
826
11667
8434
110
4336
6690
6498
4375
3115
14045
7645
2093
1050
4545
9675
6991
3723
5078
10785
12551
1533
293
3804
13387
640
6997
13643
1914
6588
4000
8438
795
11658
10873
428
6675
10709
2285
11104
4125
12902
13280
3824
12997
8039
12745
1247
6335
492
10866
1314
12995
14504
10116
6541
532
7863
10047
14469
12339
8046
4583
12787
14114
5606
6849
5435
5177
4116
3000
11281
1437
8973
6660
14648
3252
11469
5807
5347
2895
5749
7308
1421
10722
2685
10442
1291
1541
4331
14896
13812
661
2815
13765
11078
8318
493
4710
7390
1190
7309
11070
2218
12491
14584
14877
4021
7844
10467
3289
4063
2056
4700
11574
6589
737
3162
2064
11428
10164
5558
3894
845
4220
4188
10620
13621
10208
10581
6330
2758
6759
13416
4157
10585
9679
5089
3929
11137
2808
6420
8446
6073
1042
10832
11755
10961
6241
7175
10341
5156
13429
8281
12226
10631
3415
10225
12998
8303
3964
1255
8813
12263
4137
530
12303
3639
543
988
11910
10648
14232
5927
8619
3743
12111
12820
14802
8387
7432
14658
7379
3032
239
1174
4329
13477
1190
8525
7170
14453
7091
10626
7173
1552
12607
11183
1936
511
13529
8116
10418
5253
10265
14693
5923
7501
14662
8483
13520
5594
10422
4610
871
4305
8876
5780
12023
2962
11201
13826
2448
7018
8818
12456
3556
3605
13753
7066
6135
928
10884
14290
9858
14316
4240
2126
7767
546
10250
11827
13814
7707
10005
1575
4030
2480
9755
2867
7676
6826
14159
13973
4310
14702
5667
3399
11435
12808
11136
2318
8747
7595
2347
12591
9709
11132
9752
1554
65
6749
13013
11476
7711
14374
11
9741
12013
7242
8425
1076
8850
10886
14390
14308
1768
11911
9980
10155
8648
840
5691
9958
4410
7932
3079
6219
5359
12413
6865
7898
7727
8200
2802
926
8812
2683
6261
4936
14691
10925
6386
4192
4383
10060
8468
12861
8204
3038
10822
12798
1152
14597
7906
14224
1058
3055
7066
14779
11294
8791
4382
14599
377
527
8348
649
8084
13463
5496
14085
5649
5043
10464
12722
9454
1498
5575
9349
14464
5218
13014
2321
1590
9067
6746
8130
294
3577
14868
5757
10617
6482
8641
5899
6543
6786
3815
3855
1712
7818
4776
9741
12542
11737
7148
11108
4132
10183
4770
14559
12480
12716
314
6076
10777
2061
13008
6310
8781
217
355
4507
13594
14738
3468
14167
11401
4565
6179
2667
12683
1719
7637
6646
441
3273
4778
4853
1918
10637
3998
5110
13807
308
8277
12901
6167
2565
10122
4482
8777
12505
10074
1494
7462
269
11146
12803
8268
7981
14706
14566
4004
2102
1876
10760
5078
8668
5634
7504
12282
8155
4391
13143
11218
10245
5699
13285
6461
5567
8000
8835
9443
1696
8889
177
6644
6142
14183
172
7126
6974
11584
8936
10930
4431
1106
11704
13432
12516
7822
12498
11931
2617
7199
622
8113
11930
5276
12217
9569
12861
6342
2701
14981
5871
5123
2307
8212
1698
4115
13935
9484
5461
377
5308
11570
10455
2213
6787
9138
8994
14853
8945
12744
10501
11903
6825
9497
8267
7064
9714
866
1966
5602
9265
632
8883
8955
5059
14307
13799
3491
11733
8400
8886
3013
6470
2240
1891
4051
12658
9717
13488
3078
575
13007
12396
4956
4480
8967
13298
7810
14945
9634
9401
13068
7518
14859
6112
4676
2687
1499
12153
7479
10339
5502
3119
545
3857
7487
5433
4585
7605
4215
9405
14996
2378
13888
5027
11257
3235
3926
4475
11092
1009
5989
3546
2099
13998
10818
10495
6610
11127
12215
1364
11158
12563
6008
7738
10072
9888
11851
1098
11992
3533
8712
204
10730
228
9404
10690
8630
9831
9854
1440
13761
12024
1061
6469
4350
1956
1019
1547
8039
11991
13822
8457
10390
2851
13247
2433
11369
6149
9955
1369
6383
2827
7482
7558
7296
5784
7815
1870
4593
127
1865
11779
1272
10774
2603
14134
11501
14538
3388
8115
8868
10304
8059
1
4710
255
4814
7879
1981
6971
14321
2480
14876
8485
10056
10933
4542
8503
14173
13565
9140
14148
11953
7912
10125
2043
7184
14615
247
14113
5931
11830
2761
1839
7500
11079
9768
7481
2848
7041
970
14936
14889
12621
806
14384
11902
7787
717
6669
9591
2998
365
4822
13974
9719
13350
146
4875
2666
8071
5198
7631
2868
1040
2490
14719
13036
984
13977
1165
12061
5654
7131
12595
9204
14259
14331
7106
10741
5140
14397
13898
8578
4521
2932
11465
12939
2864
12781
12728
9621
2605
181
13970
10772
7305
12021
11581
13315
14665
13865
6802
1740
5504
12530
12343
8233
7226
4770
10460
14019
8040
9134
12525
8674
6299
14052
13347
13107
6025
1780
10172
3203
1248
6543
9455
5473
8161
1822
1898
2238
2749
8790
11075
6275
7594
12158
3073
6990
5589
3231
5712
13094
2321
13709
1580
8471
2655
5296
4472
8252
13673
13474
7290
12885
3693
3599
492
13960
3074
6870
71
5403
2871
8221
11269
14250
13058
6250
1080
9141
10979
6356
7518
2793
11067
12077
881
2538
4962
984
2817
2865
12350
8646
3564
4275
1499
13190
2581
3994
11666
4112
3915
13718
3159
308
10222
9099
2440
2330
10412
11405
4216
10331
12273
7317
5956
4497
1817
6616
2717
12953
8998
2090
4053
12205
8053
9225
4657
6993
12751
14868
3669
12085
12475
6866
2440
8799
14633
10759
1854
6782
97
2632
5571
6411
13649
2018
11373
11247
13319
12001
11372
10965
1276
13712
10114
1825
9664
5953
7254
997
4442
10447
4579
10544
7735
7130
12855
5406
4876
12156
4863
6058
4761
10935
12855
6365
11518
12641
13556
6035
12851
8410
8674
749
3495
7704
10809
13762
11751
615
14135
8679
3504
857
2340
4650
13053
10027
13676
6519
4163
5966
6370
1162
7138
5314
6204
5341
856
3749
5306
12022
7397
1219
3146
11031
1772
3829
7048
31
11320
14092
8654
4261
13020
11184
2554
3903
8594
8205
8312
1491
13965
7036
1871
6884
2039
7511
8611
13180
1499
5468
12906
8002
10308
2112
1281
2284
12710
6308
2878
9223
2978
13644
10198
5070
12312
2108
3141
10953
2760
2300
11746
7651
10436
3815
13056
360
14347
11261
8992
9260
10218
8867
13531
5852
1186
651
8952
10908
9902
269
6193
2286
5326
14088
13512
321
11838
11801
9572
14930
4370
12657
10420
14199
8721
5254
12566
6492
4055
921
2936
1449
12316
8617
14004
9111
112
4345
3883
11660
8156
7233
1051
2490
11107
9460
2324
11347
5303
12735
3522
2546
1689
9061
4890
12561
13447
14331
12130
10931
3085
2459
6852
8981
12333
4743
4969
11709
84
4400
208
7492
7918
12911
6774
12136
11606
7929
3092
14261
2929
1218
1189
6320
12399
390
14760
3254
3727
1443
10663
780
7214
7951
8574
5696
381
7069
5157
6363
4490
5615
11263
902
12526
11029
9628
3777
2286
7753
954
5517
11239
12869
8002
1867
1270
531
11581
11942
4983
1714
7981
13641
8736
14427
278
14966
4337
1078
11755
4536
2772
11728
9770
12313
4954
286
8793
1370
5762
10982
968
10973
488
5146
4541
9345
14949
6707
4425
14849
10487
8214
1379
2776
12634
12622
7165
13099
10750
9661
14440
1208
10998
11418
2744
14510
3099
10688
11913
983
6737
10211
6180
9000
746
12008
13153
3590
9886
5933
16
12630
11653
11905
9048
9557
10348
6994
14679
7332
8121
10694
5619
11100
11542
14760
14975
4069
2401
5030
6246
4261
9793
3441
8111
276
2034
7379
2029
625
14469
3575
3212
4817
9645
1810
4555
14092
2370
8187
4161
11104
11008
4581
7862
11043
4592
10079
12457
986
12033
9083
1188
4855
14686
10754
2836
8211
3793
8772
7523
2969
4964
14053
7862
4545
7482
801
1455
9732
10204
882
1699
9214
868
10141
8253
5212
10579
12068
10683
6954
9921
1043
3592
5386
2386
13356
5130
13890
13973
11343
10299
8597
663
1192
6140
11954
11718
3316
3561
3790
8624
2725
5781
11151
7383
6974
3987
4545
2501
12623
12631
6725
13088
568
8048
3921
10461
2476
2159
9125
10670
2564
10758
13861
5583
8101
8550
14676
4001
11298
8494
7262
8507
6893
13329
7196
10261
7441
13002
10412
9369
585
11388
1350
13712
3573
10509
95
8143
2218
1493
9241
1157
9435
8119
6060
6966
6920
5567
14281
13423
4310
544
6203
4129
5369
13218
6195
2239
851
8659
3019
4474
6746
14756
10085
6175
9408
149
2009
12592
8455
6532
1782
9804
14252
6104
14071
13773
7269
230
3341
1873
13720
11988
5059
40
5185
12221
8342
5355
4313
12855
7292
8558
13474
4767
9411
9679
13034
14884
12558
6771
3558
1689
4967
12777
13761
11398
4876
14264
14146
7422
9969
621
5318
1145
5753
9757
9697
10045
990
12186
6806
11654
8278
10599
14240
8223
11330
9484
11693
4392
739
7384
2671
11570
13315
12030
7021
7281
1279
8786
7344
9077
6209
11891
2886
6670
3240
12328
14013
14653
14981
2989
13894
371
14964
6904
8410
9368
13536
5537
67
10392
2571
9753
6683
2584
12949
8748
2830
8723
2736
2415
8765
7203
4841
12729
5445
11387
7713
7569
4983
14002
10470
12039
4410
12750
8490
2300
11605
6411
3620
12652
8745
10741
8718
11952
6505
11455
5208
301
8721
9491
9497
5290
11917
12566
9223
6690
10530
2235
1459
12023
1654
5966
554
1065
14921
5532
5342
8933
9094
10649
12143
11419
5102
5083
8670
13024
13485
7888
6223
8989
6178
7411
13848
10491
4504
5180
122
6844
3526
1800
6769
9369
4952
6596
10997
2778
10187
7653
12031
973
6112
11275
6207
13071
12348
13078
187
6833
3896
11198
8205
2641
11012
7469
5844
9243
7118
5062
11560
9740
5410
13498
5406
7294
3879
2773
6467
13506
9086
5891
2837
5832
10856
5250
2877
9903
1204
777
13142
6426
4992
8288
2947
7328
8595
4127
13357
12482
751
1754
10660
5124
11092
2290
10562
7613
5868
13912
9191
9575
6610
1681
12747
13004
8361
2373
6785
5762
4592
10941
8038
6340
6920
5133
4748
12121
10551
13078
13699
14752
4415
8984
12754
7331
10231
12712
9739
8565
9687
10263
4034
2292
6585
3566
14815
3311
10541
4943
13966
6222
12342
7595
7890
4810
8716
4319
13204
5958
12542
13441
12062
7790
213
9439
5160
12625
3926
5416
2772
10648
7633
13219
11074
9329
6906
5746
14755
3353
5317
1437
1580
5608
14111
7477
2409
11820
1094
7944
13614
5912
14508
3780
11023
11245
13200
11244
2078
12146
13406
2190
14384
5125
2170
3318
13588
14123
11520
13561
12903
2970
4563
9851
641
11105
11861
6454
8679
7736
7029
8339
11531
10981
6801
11860
11140
3853
2196
14828
11128
10662
3667
2609
4946
3127
2052
11454
3437
10793
8888
3286
299
2533
10041
10644
1349
4657
3139
14917
14384
6746
2565
9341
5116
5066
5658
3402
13324
5310
7178
9734
11926
11691
2432
2241
14302
1954
4904
12513
9052
406
3016
12885
13847
3743
8040
8997
940
11157
10511
6482
714
2278
444
4382
8097
9325
12493
14879
12468
13649
13130
13127
3615
14153
6359
3607
101
7800
11341
14394
14752
5625
5865
13978
3729
4679
10493
1372
12026
11661
2462
2167
9799
695
9020
9648
11247
13050
9143
4977
4460
5025
44
10402
2276
4888
9270
14694
12384
4433
8896
8140
14815
11116
6730
10088
11413
1465
652
3417
13831
11120
2853
807
11187
10963
3328
2920
5133
11710
7359
2050
13656
6364
9934
9727
5581
10462
11701
13840
10408
10799
3988
7593
2765
9322
2351
13683
8964
13932
13235
9781
12397
5725
6145
8339
2171
14237
14215
6312
1560
6350
9561
673
12073
6845
9483
8451
1181
12003
4507
951
4763
1811
8008
3031
7132
10260
13042
1865
8612
4645
8955
6200
13475
12577
4653
7930
218
1594
7555
6343
11246
5389
12280
4058
1238
3315
10519
10919
14838
8899
12501
11961
9425
12283
5018
10586
12717
3113
1207
6911
1195
12350
12700
11914
12394
3360
2197
14496
2192
1553
8232
14587
4448
13163
4704
14374
4531
3950
1792
3817
14740
2122
2026
14712
7144
11994
11775
1191
7559
9067
10213
12105
386
643
5148
13896
7688
365
6663
12878
1118
11023
8727
13285
667
12913
7513
11261
7579
5643
6055
8766
1320
12390
7171
14072
10323
12988
4770
400
6585
1005
6936
8125
6339
11127
14201
3804
8015
5807
6686
4165
12286
3914
2698
3716
8394
3741
14045
9230
4481
513
8612
1916
3012
1446
10784
2996
8471
6075
3572
9699
10594
6262
6293
112
4087
602
6945
4539
13712
3708
3246
1771
13957
1889
11480
12406
9691
3454
5677
6582
13943
10539
10919
6071
7393
5020
5112
4893
342
11204
10333
1940
2234
11986
8570
6023
12621
2586
14629
7792
11796
9505
10518
772
12267
6840
2958
1122
4965
13378
8304
5017
397
11990
10756
55
10343
221
7719
14066
10489
2051
4196
2507
8375
1305
14536
1970
8319
5456
14784
7105
3825
12885
9786
4437
21
10147
8804
552
2061
3990
14927
1964
2900
5315
1543
5244
1229
8515
10680
12400
9866
563
12302
9744
5308
8011
7397
10961
7303
988
7803
14509
13594
1198
1192
2511
2204
6319
33
195
6417
7167
12005
6499
2124
2232
14606
3059
14762
9292
741
14804
9775
2384
12239
3262
582
41
14128
7010
2749
12842
8248
1073
11187
418
3369
1701
4123
14031
3039
9910
8481
10484
5982
2699
3557
5803
7619
3076
8404
4338
11199
13010
246
7999
4733
11209
3959
12930
1929
2162
7190
8023
12446
8575
13918
10931
10311
1706
13862
12905
13935
731
6253
5830
6322
14290
11401
9540
14704
9778
7422
11052
13606
13411
1642
10238
826
3188
10684
7160
12741
6193
12101
876
2719
458
13038
12407
3780
7625
10492
5913
4213
10498
5402
10468
6757
9416
1676
5442
14808
9419
13225
7150
9740
11138
9416
14035
6932
3680
10105
7123
6021
6702
163
7741
3629
5376
3110
5863
1252
13993
5759
7078
14286
1508
6838
3107
8008
6174
3480
6410
1511
5241
7351
3322
7968
4951
6136
6581
6041
14003
5475
100
12520
3368
14892
12510
10335
12661
6838
1381
6305
10813
4190
814
3660
6147
7864
8232
4299
6309
6026
757
199
3694
5611
779
14351
11841
14773
13678
14240
11529
14821
2249
8518
5658
9557
10917
1616
9327
7771
10347
14336
2099
105
5698
1051
6537
14662
1820
12086
12903
2281
14732
7977
4717
14901
8825
12756
14112
13159
13494
12887
8160
2140
9776
10991
1940
7296
13001
11590
11946
6616
9972
13537
10678
1421
13100
3589
14913
14728
7813
12178
12953
1591
1336
9247
89
9272
3800
5757
731
13160
2503
11167
9277
12460
6175
14958
5329
9707
14110
14241
1660
5230
140
6287
7309
1194
12298
3296
1800
5236
12843
14384
5346
1315
14934
6568
804
528
10901
7668
3495
7243
10858
13785
4112
13804
4260
13218
10245
13141
13260
5206
617
8572
10518
7722
1451
10048
1937
13895
11973
504
3956
10495
317
3119
5821
7961
12525
14607
14154
4800
13805
6442
10745
9417
9372
1354
2175
8505
11933
14080
8051
3659
6975
7637
13767
11773
5797
7211
5117
5755
13591
12006
10695
2991
3286
362
13468
992
7982
11298
692
10638
13987
8460
6400
9174
12827
1101
13350
97
7873
8431
1961
12892
7452
297
3519
7679
4352
9048
2164
5314
9490
8398
6208
1799
10747
7754
6130
9009
2885
1182
522
634
13388
12413
4672
13515
1237
4592
13945
4696
8861
5019
12882
5159
10044
12802
10538
2989
11842
5789
11639
13934
9134
10378
1148
5588
2251
4600
13427
5073
9970
4340
12212
6690
7909
1326
14504
10039
10624
5004
6442
14760
10102
12467
11452
4470
10515
1048
6754
12944
12215
3140
12166
12095
4543
1587
6500
3010
11265
14083
11263
11636
6164
8872
9725
4520
7807
6192
12250
8718
13298
499
7364
6838
14347
11879
3832
11666
13925
11677
10073
1202
12845
482
7857
6829
7174
116
2147
6321
9826
11493
13774
11541
8740
9805
8595
1229
2742
6932
11662
4323
3798
13036
14646
11716
10776
5328
12748
7663
12755
9833
4085
14587
4010
10061
13790
5682
1015
2895
12346
7691
4045
5928
13892
1804
1725
10823
13098
4542
3284
2602
8924
6993
15
5750
12403
14809
836
11141
11053
1845
2367
9483
8566
14992
7408
14186
7531
13679
11014
2913
214
14846
9585
3970
277
12870
14143
12841
9990
14952
7230
8206
4379
10152
909
12091
14571
13259
12657
13980
4845
4873
6842
10500
5323
9562
12361
13899
9396
2538
3292
14419
8527
370
2388
9077
12407
11044
5472
14533
666
2994
1150
11100
9615
9161
5103
13413
14083
10316
14614
9271
1021
12033
13067
10340
8004
14085
13646
5715
508
243
3445
7451
11660
7810
14678
4008
7764
6831
14684
3526
7787
13124
13314
1850
3723
10741
884
11162
4458
13948
14816
14079
2924
9020
13397
11493
2302
7048
1072
13322
12398
14757
14024
422
14549
8698
14440
1805
9482
1095
5649
7251
10632
11087
1483
2897
13718
11216
6616
12263
13200
2484
1257
1560
426
4366
4527
2639
9413
3184
1705
715
5758
1361
6128
8030
14100
12892
2301
10024
11301
14079
1680
3362
8298
7565
3446
6836
7537
10500
12775
6085
431
3809
121
9914
13499
12463
14995
10182
4171
11800
7391
6297
14389
4934
1492
9271
4959
8453
3797
825
8915
11592
962
14121
804
12894
8261
7861
920
12691
10102
13913
5409
10619
283
1949
1240
11214
9530
1636
12897
7119
5853
14500
6687
10382
3973
3364
6073
9175
1876
14083
6702
11949
12170
3839
2847
1000
9109
605
4202
7133
9262
6479
1698
8478
887
3769
4650
14543
8031
8744
13922
2161
2928
1795
5739
1461
7433
5421
8920
4896
1788
6745
10814
11018
7210
8460
13448
11444
14101
240
2104
8925
12433
5763
12856
14373
12802
13209
9494
204
13714
6529
1144
8131
161
4541
9020
10375
13099
1385
8566
3688
6684
14305
5345
2517
10664
5679
1267
7427
5320
8206
441
7790
6640
4997
4727
12164
3938
6365
3659
9224
10926
8716
6182
10258
5601
2683
10857
2668
14439
3073
13344
12716
6673
13416
2241
13128
417
10339
3709
7123
11942
2067
9883
5508
6088
8353
1491
10164
14814
11855
6436
6733
12725
14342
7761
12967
8123
10087
11915
7981
9821
13598
7987
2246
9861
2724
1117
8224
2755
6598
11747
8599
2656
11536
12281
8859
13832
674
4169
12248
1191
693
2854
2583
11637
6611
14990
7331
5654
4273
5005
5329
13423
10727
12301
13343
9080
7637
10647
3363
7235
8267
7408
8215
108
12837
4076
1189
2060
13902
14135
7449
5918
14667
6790
9128
10744
5403
5608
3249
2734
8786
2569
13482
1593
6417
10175
6929
14234
13938
14779
6194
5026
805
5012
7923
8285
9638
2475
13800
2534
13800
5270
6751
5137
12556
14411
13756
3937
3173
2598
3676
2028
7397
629
13449
5698
8925
6622
8691
2661
12147
1955
3121
14123
7940
2422
5112
9655
13866
842
1106
2928
6808
714
3933
3515
10817
8345
4037
7005
11419
2991
11061
11339
11102
4166
12629
175
6562
2225
14360
3016
8784
11138
5387
11845
2149
7628
12197
10133
9299
4100
5071
2330
1492
747
10220
6683
11696
9934
9880
580
2584
1685
6242
9155
5893
6781
3020
3774
4792
4936
3092
11640
1482
13089
9144
10669
10327
7087
1366
3189
11148
8903
12706
7318
12920
8731
9846
10355
8945
5946
3478
11628
7345
13779
431
7098
4895
11231
5952
10367
4607
8422
5340
4362
1008
8430
847
3403
6603
14551
11355
4609
8567
6691
4432
8681
3978
13924
11235
12162
11934
7665
9828
13846
1457
6463
4295
2702
12658
2045
5773
14095
1134
5999
13581
2725
3562
8344
6309
4490
7883
6443
3751
9394
9590
13869
3060
653
9347
6749
3119
5971
14996
8790
13432
11941
13594
6494
2904
9544
4134
13144
5744
4557
8777
12260
3474
2568
8109
1706
5119
10634
7614
6745
4278
5491
3914
434
4256
2588
3403
3642
8355
5908
13925
14802
14098
7344
7567
1639
4131
12068
5439
11764
355
9738
699
14194
616
12329
10394
491
7543
7640
1630
7485
13356
8251
4511
7941
8027
13159
2237
315
6141
492
4789
14835
5631
8975
13161
11129
10001
6470
12575
8050
5194
10850
6389
9540
4791
4719
14817
6926
7193
2911
11098
714
4277
6440
1446
5847
2833
14626
8612
5971
9830
5123
5623
14862
4949
863
8562
6641
14167
14264
5490
1073
10064
8580
2290
2506
1861
9971
3149
3307
13341
10310
8122
3230
4394
4074
10558
14190
7529
7314
8296
10375
12858
6604
13220
70
5226
6527
4591
3928
11157
8176
7758
7928
12420
10025
5649
10697
4150
13939
3985
7862
11476
5304
7629
14519
12001
2393
10467
874
5305
9371
14111
6853
5968
10114
3215
3460
10360
2219
12279
10333
5379
14221
7150
5165
2552
193
5809
9369
13425
14860
10040
8589
3329
434
13898
7553
13974
13700
3069
2833
11059
3717
13622
1785
9064
905
1960
2305
6809
2189
337
1930
1660
8651
2482
12255
13153
2464
11967
11807
11583
1098
2448
5444
14331
5522
3523
5534
11215
10661
4486
11659
14150
9446
14274
1662
598
5364
11100
1646
13233
3503
2559
11236
14522
8109
6929
9677
12951
1643
9400
11510
1732
6261
6250
9961
1268
8177
2454
3542
12381
11425
6090
11148
12702
3677
2780
7214
9377
819
11656
7788
6364
10321
13573
8079
13539
6212
5922
6221
13592
8845
7582
9571
1261
7976
9927
7888
3196
4312
394
7420
2910
7557
4264
1808
12413
6410
13533
10844
5328
14715
300
12131
4987
1611
5145
6411
7688
13170
11421
10055
2255
11232
4950
3536
3842
11518
9887
4726
8750
9892
4018
5064
425
4235
4878
13806
6056
11765
10666
7128
7679
10077
892
13877
8545
10451
4584
14650
2830
3515
200
5026
7891
5339
5165
6677
2607
728
12965
895
11523
8806
2094
10436
10697
10236
11705
752
11732
6339
354
10922
2503
4293
2375
7178
10340
6072
9990
8391
6933
10236
1896
5234
9692
13992
12173
10086
14070
13200
11199
5327
13799
9771
10604
13873
7982
5456
3180
13308
13745
3831
2917
11490
3160
4277
2522
3598
2963
12986
11337
11534
5737
4574
8961
1286
6909
11859
743
11705
13063
1619
1682
13531
10140
10027
12122
7732
8688
3501
14195
4883
2892
11681
9645
3102
7319
5405
2074
5414
11469
8574
7122
1083
1863
14664
14589
9225
809
9318
6964
11123
4712
6474
245
12126
2149
4385
1350
8133
7154
9790
9909
14461
13790
6453
8642
9055
9929
5859
8967
1503
9785
10328
235
4488
9496
598
11668
10475
10437
2897
6922
14370
11537
3072
170
11417
11436
12519
952
2933
4055
8940
13260
1679
13665
7661
2292
10409
6022
5533
14295
9950
350
5460
1337
9383
6239
10757
2629
1550
7717
5875
12695
4256
2867
10539
2923
10718
6282
12224
12619
12410
4906
6033
12448
844
12068
13556
5823
1835
13306
1258
4452
4903
3602
11972
14019
6077
1734
5787
5178
678
9889
14402
10216
13179
11244
9003
13811
3125
4737
6574
4126
8797
7914
1885
5043
9317
8011
493
12315
7683
4934
794
3244
6458
1422
7792
654
5895
11520
11846
8983
495
7046
11941
2520
5504
10817
14268
4600
3064
14744
2697
12097
6731
12132
10654
11989
1716
6928
4701
13065
1241
8471
12495
10744
9094
11157
3757
11757
3452
8349
7916
6604
7891
12591
3630
1751
10972
14364
14539
13499
8743
10892
9250
7938
2236
3697
11513
9326
5767
10802
13937
13966
6818
13780
7741
7023
9551
1196
8426
9346
7060
2511
1147
9715
6827
11093
4205
9139
8501
8903
1016
2351
7389
6202
4322
5348
14221
4556
8507
5397
14644
9430
5989
7649
9411
8950
14785
9111
4849
11606
7200
9776
5938
5192
6439
6231
9744
14535
1111
6142
14491
2373
825
11864
9785
11585
6577
616
9457
2392
7802
4994
7688
3029
9702
12629
11521
8498
303
12877
11307
10094
4290
11894
1703
6240
11413
2197
14762
13090
10604
14686
3444
2364
5905
12271
8605
9125
12864
12826
2372
14168
14653
2456
3804
2205
2087
2909
10489
8810
9710
1246
14232
3233
9835
4396
13082
3930
10161
3545
172
4379
854
11366
6788
8116
1550
5324
12123
12430
4023
2395
10634
2477
10504
12139
10441
1833
8090
14497
4153
8504
6707
5952
3380
9357
454
211
7529
1509
14188
4675
13964
9318
12653
12993
13314
3286
10668
10687
655
11763
5785
13059
4787
7314
5612
11754
7729
12696
8954
11249
10840
10663
14391
6667
12672
9901
7985
12431
7662
1338
12794
10614
13241
14347
3431
1315
4823
12511
13824
7154
6164
12402
13842
7390
2718
8648
1165
11066
3744
3699
7481
9833
7554
2939
8835
3301
9927
5986
321
3413
10300
13237
3025
14316
13969
10171
14817
5439
3883
4297
6931
10217
13871
1800
5084
13437
11821
7001
3948
4023
8736
11919
8686
3962
8856
2960
3059
10302
5512
129
6387
13837
12190
10411
11854
7927
9376
14525
8421
7547
8831
10725
7182
14447
11767
12264
10962
5754
12855
10397
6480
2925
2037
11297
9676
13381
4551
14062
5459
11008
7112
4514
14927
3753
12909
8094
13027
3460
4945
12156
4060
12295
13580
11401
10192
13010
4736
9238
7194
11592
6998
12304
12447
10114
8649
3461
11799
892
734
13472
3376
10314
9066
12412
435
4316
10798
3429
1537
3673
14236
7501
808
698
6337
9185
4345
5636
1105
11665
8644
10312
6867
8866
4010
9807
7067
4812
10103
9448
11294
12134
2725
6473
8780
8746
3228
1167
10966
5875
2212
1307
7701
3521
12355
14496
11496
11749
3777
14464
14116
6162
14787
4069
4828
8063
3446
199
8401
5628
12248
5985
8325
7089
7378
2102
4775
9335
6917
12590
5956
3177
9670
10229
9453
7336
2610
3346
11510
4513
13310
10318
1035
10639
10332
5131
12347
13656
1644
716
5300
3028
7765
5337
8627
11226
7982
612
11142
10253
9721
2160
4831
6186
8508
10938
11492
4557
9615
12492
5452
99
3688
3888
7317
1930
4949
12685
11757
2246
4754
6118
7691
6200
7289
2927
10412
4332
1602
13227
14354
1998
7203
1257
9792
11149
5486
9848
2131
14393
8639
7789
4041
4152
10263
5200
14339
3877
13020
6696
6276
10296
3854
8895
5498
3602
9469
13631
13897
5580
526
7160
2955
11387
13138
3454
7895
2431
9095
11167
11443
10101
10554
12363
8607
11965
2077
3539
10936
2089
3587
6534
6311
9905
6951
4057
13143
13308
10758
6190
1679
6855
10951
11551
13867
1478
4834
7653
6014
6809
12304
11908
9781
1852
10253
11175
14742
6491
288
8533
1524
5930
2694
11808
1992
8991
848
8049
4436
9080
5310
9587
6673
2905
9487
4587
14149
14003
13495
7128
7131
9424
12524
4127
4784
6679
11752
4458
14652
10775
4315
6652
13019
2224
4665
10749
4161
14143
9559
4875
630
11784
3216
11933
1498
2716
5234
6876
7365
5665
12025
738
7995
8159
1402
7100
8405
13566
7023
10312
12239
11389
8396
8660
4765
13658
11568
4448
13240
13738
426
5
4444
8619
6497
10346
6207
591
2628
2067
1444
4875
12093
8987
13750
3576
13656
4859
822
12564
2343
5594
7119
14246
7636
4240
3387
9555
7168
2840
6148
786
8635
8626
5239
12019
11294
14375
1661
6055
893
7814
10938
4955
8867
7363
14295
14409
9910
1188
2
6708
3626
676
11395
9831
7885
5197
983
2257
6958
11651
8423
14788
10919
658
11240
3467
3748
1730
7281
14280
3197
9766
11671
9529
9656
2163
5379
272
4945
3978
14645
5979
2837
14439
12160
7959
12231
10407
4134
6096
13392
14404
14096
4241
14390
11149
9036
8208
11123
10828
10661
8180
8906
721
3510
8859
4005
1865
175
5721
14818
711
12311
2980
12006
2444
11950
11479
3498
3280
6236
8341
12596
1185
888
3792
10669
7429
10138
13506
8127
12170
4149
9117
8316
6464
12072
2115
10929
3300
3954
10365
10231
13412
6278
12680
2093
11116
7234
11946
14198
12557
4710
7842
4591
2320
10584
7721
14833
14717
13189
11575
6727
1669
12594
2648
11561
3194
9663
5542
5371
9834
549
197
14326
10870
13109
14184
9906
3207
1699
14553
195
13191
14307
10569
7459
11306
4525
5996
10880
4350
2282
11211
5111
7378
3637
8562
817
3629
1119
13898
1452
1692
6575
4363
12007
4513
8516
8721
4210
11400
12814
11625
13017
13635
11380
8536
2361
2024
10189
255
13668
3667
9661
1021
7552
4338
10085
6947
7232
4547
13366
6277
2088
2800
13101
13502
6616
9943
13562
2946
2790
10804
1786
14480
6535
5657
13193
6475
10998
10101
6200
13792
8440
863
229
12785
7030
5553
11811
7669
9427
1568
1488
14662
13033
6537
9536
10217
534
12877
1919
7417
3462
7242
12465
2864
1880
10181
9485
1894
6144
3610
10949
12131
13346
14573
12836
1224
2571
315
6472
1062
13132
5893
8518
1221
9315
2123
1446
14997
11120
2976
5941
13120
8182
13783
10330
1197
3398
12365
10904
11849
11068
9916
1524
5817
5619
4357
1316
13459
8700
8312
7645
218
6405
856
9285
12568
13723
11244
8549
14757
8734
9487
5774
3168
12669
12828
3948
14563
4243
11639
12826
5206
4411
9622
4994
3215
4368
2701
10601
4958
807
2987
6297
2808
10330
5722
6715
7325
4498
12761
2473
7153
3815
11147
3115
1580
4142
13356
8147
7791
408
1753
9216
12061
10485
2439
10807
11782
10862
6069
8199
11022
643
3590
13950
5747
3190
2966
7837
6947
6112
11623
10065
6481
9165
5672
1390
8263
6507
3413
14072
6012
9553
2809
4550
14054
8770
9235
7322
7890
9914
9932
11462
13428
4561
6451
6510
225
12197
12367
13390
1176
5519
1200
1678
3785
6687
2735
2896
4812
1049
2544
5274
7448
6996
2187
1468
12833
14040
14896
11976
8954
10643
14946
12032
11179
160
11636
1919
2714
14162
1164
11066
9139
5023
12896
493
8353
1130
765
7366
6034
6339
2510
6841
7370
4657
4013
6431
2374
4983
8677
1185
12300
390
4435
5532
5572
4167
5498
3624
10050
815
181
5650
14885
6477
11135
2425
9100
1693
8115
11702
13275
7530
5941
2615
8132
8105
4662
6521
11146
5205
14545
12731
5485
14979
13765
8748
588
7363
9920
4185
10631
12140
12315
5219
6157
11860
6955
892
8522
1588
12331
680
11867
11974
2910
4770
9448
1819
12399
12467
14505
13977
7477
4845
1270
2450
165
14906
7712
2386
1837
1736
6773
3930
1071
1134
10214
722
11457
11272
1149
3770
12999
9558
7874
13864
863
8510
12069
8994
14300
13768
9963
12453
4680
11654
4662
7470
3948
3707
11695
7049
8180
6136
14751
10594
8907
7937
10903
1775
9556
8726
5362
1127
11317
10734
977
12919
11970
2406
1587
6654
2836
13717
3086
3069
6772
9319
14250
4416
11471
2744
11774
7750
14577
9099
10590
6862
9806
12279
4957
7925
12607
10293
14438
5574
8405
8836
1135
8945
10676
6743
10499
1542
2119
5040
4212
9462
3050
11682
3822
14587
8687
6486
5304
6811
11951
12611
1549
2218
144
9115
3112
14690
12448
8661
9046
7543
14279
12512
9663
12935
8184
5304
8739
4728
7244
10232
5630
9536
4886
1128
3811
13124
8457
5369
14237
6121
4989
7626
8622
10794
7286
13917
8801
1561
3630
10808
4093
8458
10994
11669
10182
5538
2018
5887
6403
3383
12746
575
14566
1719
6980
7012
12331
14015
5303
4988
6233
7079
9423
2925
2554
6652
3889
13869
5648
9266
11503
7178
1098
11435
6138
12172
13542
8217
5945
13273
11105
2569
13966
10854
8374
4413
8059
6903
3813
273
1585
9785
11257
13641
4575
12013
14034
8069
9115
3529
1649
3149
238
12136
6879
5568
14476
3131
10580
9808
8470
4114
8070
7030
8882
3663
8113
13568
9550
13140
13593
11986
10055
5374
7681
1717
10921
2456
6860
9125
13137
5473
14102
2415
11623
7955
2331
1829
3975
2805
4937
4928
11322
9004
6803
12471
1715
4226
4759
911
3900
466
13518
10974
4936
4662
8094
9863
4455
5162
9647
12019
11270
1455
11670
2997
5011
5654
10407
926
1332
6283
9593
6745
8202
8664
663
1051
13571
10209
2
6694
12697
5949
5224
12671
6955
3127
12479
6961
14861
7467
12374
13812
8158
7917
8658
9867
12333
3806
7459
11060
8819
3832
14579
12616
5872
6772
2771
11271
3999
7042
11292
9245
5159
2952
14322
5321
11230
13999
11042
1884
8175
3445
1065
8864
8909
10780
13586
285
6
5795
3717
9764
2750
3942
12875
8865
6369
7607
6799
182
355
1207
2961
7818
11174
3129
8653
5206
8595
3336
13636
13334
7764
5574
2885
5373
2767
5714
3707
10091
8186
2486
11264
13203
3325
1527
6494
1216
5076
5456
13951
3623
7199
10859
1529
6967
484
8246
12689
5780
2127
8380
6690
11670
7158
5382
2000
12175
1057
7502
6098
655
3899
11707
6996
12869
4942
4757
4493
9646
11634
7436
129
3138
4384
10013
6134
11904
4045
10917
4889
9520
8024
12927
7964
14805
10795
14594
6045
12943
14527
9319
159
12574
14358
13296
14723
10492
3863
3660
2024
10726
3753
3042
9145
9690
8251
3551
7285
12145
14247
5095
8129
5139
2613
11577
7630
5972
3743
7190
2073
5347
13712
6550
10119
2314
7276
2554
3780
6088
10289
10642
8040
385
8892
9162
5767
4981
3781
13274
6554
7243
7309
8900
13695
9431
1190
10019
9961
2780
5665
8751
6749
11673
1586
11677
12013
12203
7923
6831
2413
5696
14771
1196
1855
3604
12055
7744
11247
8450
5809
2648
2190
5468
635
9829
13037
4812
7854
688
1124
12257
7593
999
422
1538
3893
11367
13798
12215
12148
8564
12058
11950
10860
858
7472
6113
7045
10090
12376
8445
13772
1511
11970
3016
6561
1280
11038
6757
13639
7201
4348
7235
5706
5156
13102
13771
773
316
14711
687
8945
14032
11301
12245
5590
5239
9607
14776
2357
6924
12767
12764
3311
7678
13484
6082
4029
12405
9976
2613
329
7041
13576
4947
4216
4822
6244
5704
2755
8700
5339
6728
10379
11688
14500
14740
5209
14725
12426
1321
6672
11261
4399
6714
9434
6584
3923
13027
6671
7020
9742
3367
5339
12098
358
1903
456
6354
8028
767
13995
3903
12020
8656
1584
6039
2384
6623
8177
13744
872
4303
14979
8654
10940
4068
2642
6861
10512
12631
899
8216
14033
10735
13958
1971
1388
13281
11329
12597
14283
13855
6697
11658
2326
2769
14240
10743
5129
3395
4199
12300
4849
7926
6147
5438
3388
11684
1157
11290
14261
8594
10841
10396
14868
5778
4869
1285
9697
14613
4650
4103
10293
10580
14460
2017
12606
3321
6328
8171
4827
6899
1731
7117
8432
3598
3366
6106
4587
8519
13583
4703
12123
39
13336
5688
3013
11300
11789
11547
12899
12954
1045
5516
13744
95
2007
9269
8466
4130
7832
67
5356
7985
6462
7362
6863
3724
1964
11269
2412
13763
11697
1177
1029
14947
6980
10253
12244
8771
14004
1306
6531
9780
10272
6872
5853
11215
8373
8337
1591
9096
12640
457
687
13516
14346
4138
8577
5974
13825
14289
9335
520
9135
14135
1257
14867
4486
13796
8115
6753
12025
14694
5125
6526
8535
10576
12713
14589
1508
10648
10351
8627
9677
8315
1123
11239
490
2513
600
2842
1676
6269
9946
14714
6970
6011
645
11136
5615
5986
6728
9576
221
9838
12071
12946
10331
9160
4980
3770
6424
8987
4465
3177
3938
708
5842
819
13012
5017
14376
1972
13196
5272
5076
5755
4748
5411
14555
2524
9931
1576
8974
10522
3919
775
8405
14839
11244
3177
908
6329
12533
11830
11417
7689
1804
6768
10776
6262
169
14825
13124
597
6609
4755
11379
9948
4761
6315
8198
4920
9604
2455
8839
4848
13
8943
14257
3163
7302
6002
4575
9835
4109
8046
4439
1365
8855
12387
3951
12979
9634
8293
2355
10106
3452
8376
3913
14164
4395
13456
10077
4928
9979
10987
11724
10077
2991
6569
7675
7860
7511
7613
13960
9166
10249
3289
11488
13562
316
10014
1093
7374
2363
10218
10286
1311
100
13733
1395
6637
5030
93
13768
8845
10924
14647
14856
8122
11321
9361
13374
2286
4712
11090
5468
2021
9333
8188
14856
163
11887
5350
13847
9380
12363
2703
2564
14760
701
10413
9977
4258
5173
1038
2830
7417
8845
5114
13241
10602
3432
3366
2240
5954
11640
13806
2661
6273
4750
8265
6978
6911
13876
1232
9749
14679
1245
4387
11482
8221
12082
95
7420
908
14383
9115
12113
3673
8260
13050
8175
4218
9947
4254
11730
8521
3110
7892
12740
13556
41
11291
10009
7436
3434
3065
5381
3940
6288
3151
6172
4458
8632
5020
13519
3337
10945
1331
6571
2524
1693
13988
13012
6699
89
2759
11964
9621
4502
1228
11568
8352
6647
12925
8179
791
5085
14984
12473
11318
3733
8172
12385
5108
6878
3717
10586
4926
5734
8393
12575
1778
1321
10215
11862
1053
13278
3310
7346
675
6101
10759
14438
5059
6582
12819
12810
10706
11841
12728
13251
10961
3857
10252
13790
8521
1602
7904
14821
11371
7172
7038
3886
11109
3653
9790
7030
11431
1063
7125
2512
1775
7637
11798
5217
7973
8734
7326
13525
9058
5906
14880
8085
8006
10141
1614
12920
6068
11425
3341
14451
5374
3488
10974
8502
14063
6873
3329
1406
11792
5789
1379
9643
4715
10215
11475
3323
7059
5035
5816
14786
9276
9378
5763
5465
7292
13952
10880
967
2038
11869
961
6
12721
7674
12138
13287
11662
3296
6153
1100
5405
5919
1733
3269
4527
5237
3369
12790
13666
13290
5861
1032
5608
3555
5174
10996
12724
5509
1209
110
10992
2361
14367
14923
4827
1373
11921
12040
13077
13188
6660
3762
13881
4715
9381
3356
7645
2494
938
2055
10582
13089
2300
3748
6007
14928
9397
9166
2499
1141
562
6153
2087
6043
5108
3043
6552
1809
13442
3153
8315
6329
14713
478
6630
2099
2151
892
9173
1818
3351
10230
4571
14154
4527
12903
61
10619
8915
4898
6975
2755
9540
11936
12625
507
1675
7838
14607
6337
11804
5835
4052
12784
8739
4253
13376
1822
12118
3908
12777
8504
14992
681
12790
5331
1582
2932
1516
7204
2982
10933
7893
8543
11178
5560
11788
2777
2852
6123
424
9312
1285
2836
5013
12515
6178
6787
5415
273
14527
13238
13501
5007
7120
13470
2762
8859
14145
7294
13925
13742
6321
7403
3355
870
12941
10508
1605
3179
7465
10599
13969
5994
3484
3464
7219
12156
10667
274
14152
9794
12517
1243
7677
4743
12432
2886
1422
12707
2797
2929
3631
10558
7198
1681
2991
8882
14481
4143
14573
10670
5181
2235
7807
3928
14268
7506
1523
3655
6251
5606
13191
13870
8141
4130
1224
5078
14725
13611
3438
10055
9085
3898
381
4536
6967
3411
13796
1802
473
13337
12675
6524
701
3482
4613
10281
8435
3749
5474
4926
1363
12767
6456
12190
4738
4761
2417
3067
456
12912
9156
869
704
4518
1584
1282
1854
3271
11960
10857
8709
14720
3182
7913
7931
6666
13169
4658
14516
5943
11642
10976
8136
13512
8691
11318
12442
3191
14798
2206
994
10728
1345
2560
4181
11805
5820
11182
1897
3330
8427
5164
6788
9616
11216
1642
9585
13542
4259
13071
6591
12758
3551
9513
1270
13180
7732
2192
10826
5266
3840
13662
3472
9753
9863
12980
13375
621
3732
11126
846
1986
2761
11186
12515
6478
4187
13519
2295
7048
1733
13899
13931
1726
10615
3236
7177
6831
1290
6001
4072
3627
355
11630
14489
9764
1692
12035
14753
13236
3267
8963
9810
8133
12225
4604
9996
7365
11998
9791
8992
9212
14897
3778
3533
4941
14731
1745
14138
6627
5803
6543
14330
12731
7053
12218
1631
6130
11696
2750
4786
7152
13766
4059
3780
7769
4088
5798
4501
6010
8239
14812
9833
6498
12008
9859
3730
11577
8097
9548
10033
14946
12896
8126
7433
11724
9632
12079
1079
6
2973
3866
10668
9247
5005
1840
10446
10838
14997
10764
852
8932
12244
8128
13388
5990
11709
7831
723
12193
8488
5053
13033
2148
7717
4839
9255
5640
11625
7056
13136
7009
4718
4494
3036
4372
4143
585
1493
10167
14413
7892
11580
12332
8695
1101
2702
4767
9737
1442
14
1800
11356
3886
6518
12919
5833
8520
1530
165
7584
4805
14212
7941
12628
8842
4213
7749
5091
9015
1847
11124
6338
5555
12779
596
8473
700
8452
6616
2137
4487
10902
10183
7041
11335
10653
832
12976
5117
13539
10623
14055
1327
2582
9607
8679
3638
14704
14852
11887
9952
14676
722
14595
3890
10462
5800
6106
5921
4445
5132
67
9914
13027
3096
8903
4028
899
1292
13189
3381
9773
14974
10475
6223
12069
5011
2972
3171
6916
4834
995
8600
9729
7185
4811
10180
10588
3151
873
4852
9725
7054
671
8407
10555
4140
3299
14485
704
4651
2739
13412
1663
8505
178
14702
5247
8371
6821
5451
2827
2935
14004
14611
4137
6467
185
5842
13285
13723
8440
12748
419
8336
8656
2719
14302
2068
10668
7928
1711
3487
2467
2265
2095
2583
6937
1223
7007
5109
4932
2216
11329
10421
2025
6790
8049
1060
4269
4088
3955
12457
1200
1981
11210
4990
12992
8326
14848
12459
399
3178
12703
13892
3739
14340
467
11739
12515
1553
14529
13961
13835
8175
8790
6223
1418
4997
6311
1866
9669
13242
12798
6579
3973
4254
2286
485
6055
12104
4590
13611
1375
9548
4709
1753
4513
12436
6681
2684
6322
11310
3545
2716
4559
4993
13622
8024
8191
4986
3571
7994
2014
12981
2789
2157
5380
6123
9919
14485
12053
14982
5684
410
11962
918
12586
4286
3465
7036
1710
3981
13316
3627
10544
13359
9697
10082
2020
13979
5631
9262
7294
1068
8533
11596
11596
3393
6758
2552
11373
13389
2516
7196
5630
6339
5626
3134
5753
3640
7407
9335
4558
1154
3276
14589
9678
13387
2437
4429
7460
10298
4103
10940
8853
2791
7687
4615
6877
366
4322
9192
12528
913
10662
3320
1464
6120
12996
4204
7733
6562
4329
13379
6571
11296
4703
6139
12791
8943
1917
13208
956
2329
10092
1075
9285
6576
13342
2839
13652
1010
11257
5386
14318
13214
11807
3645
5491
14955
13124
3558
391
13232
11696
897
5968
5724
4368
12556
13087
1547
6823
12933
13448
6114
8236
10198
5820
9587
9035
9888
7777
10156
5552
6722
10305
13942
14061
8357
14489
1058
648
12835
10818
13359
12816
2723
5632
9195
10106
3561
2207
785
4752
12104
9186
13323
6937
8204
4978
1608
12824
10903
5920
3236
10780
5234
7680
4973
5592
7026
6662
11011
13067
12028
899
8988
2115
89
8297
5512
4566
11625
14481
5473
7680
6992
5404
8447
12535
11982
7005
5857
3378
12881
3233
4744
6914
7582
2578
7582
10043
658
3603
3080
11898
6196
2718
7724
11204
198
11207
6848
14906
14465
12041
1199
11422
447
10555
3787
14830
14232
7438
8609
20
805
7632
185
8794
11155
2073
9533
12510
715
10468
3907
8022
11401
8574
1484
4274
12680
12243
12336
774
157
5950
3913
839
2034
8321
6467
12026
13790
7751
10811
8220
9993
3059
11093
13563
2532
13929
49
13125
1674
9337
14191
3997
8134
8177
20
6872
9070
14513
2150
1989
10101
7835
14863
9854
3719
14346
6759
2833
10605
12506
13719
7963
14657
10687
13028
8342
12480
2920
1742
13750
12193
14211
14100
5819
6758
14915
7705
8857
8301
14594
2955
14277
5601
8822
13119
2157
3196
1239
9844
3186
7169
12215
2520
4167
10618
6228
4340
12447
10148
6678
9391
6150
12771
3399
4795
10889
8735
9043
3095
3803
6640
12902
9532
11010
9551
14441
2362
5834
12567
10871
5146
11241
8076
13555
6581
14978
11691
9933
10201
530
10575
10257
13709
1623
5203
11805
1506
2201
4026
2229
8422
9152
13144
6040
11545
9267
2683
6509
9615
11176
3865
13505
14879
14277
1532
13150
13073
14215
11818
4817
14198
13802
13842
2564
8228
11383
14193
7909
5807
12745
12935
161
1807
10338
2448
10993
13097
2036
2010
12313
12294
5181
317
14025
11665
12069
10378
14432
90
7052
13732
2290
5382
14209
3030
9620
10310
10579
12812
162
10074
9774
702
11870
13240
3704
11697
4540
11828
5538
52
11037
12205
14505
7523
9017
13485
14816
5898
11158
1004
14760
7818
13754
14013
10645
9779
2598
7308
7827
683
2517
4224
1848
2239
2519
4479
3446
785
7961
372
5837
2603
9552
6999
2694
5085
5877
6686
9012
11135
10494
4680
1653
14157
10313
1956
1947
12856
2595
8925
9099
12232
4000
4855
12534
6813
10357
12265
5003
4538
10038
14031
12937
10786
10167
12157
13266
6755
11318
5559
3901
10911
13295
11692
5189
12837
2570
2690
6926
563
2532
5590
13190
14036
6272
8604
13602
4696
9464
10881
9728
8611
1683
4474
1097
11462
6742
5867
3989
13155
3690
10191
1537
12035
5023
13187
13937
7308
14666
14697
4242
7666
5339
4439
2006
4448
841
13901
4513
1562
13554
8569
12290
437
10831
10289
9228
8820
10594
8726
6094
11702
13700
8770
11873
7340
4052
1154
9013
8084
9667
6294
5029
9767
6638
2062
3272
12243
2468
11649
10621
7841
1353
2426
14601
10120
12901
1100
1204
9733
3958
5116
11713
5940
8603
7540
8965
11568
7566
9665
395
14686
4888
11429
6895
7260
3539
2523
8798
8769
7016
11985
6352
13945
13104
13252
10348
11273
9169
1752
9438
2951
14950
14279
4125
4550
9580
14089
1164
14098
8096
6704
4676
7802
11253
10934
2953
4924
10531
7340
6580
10378
7302
7434
2716
6973
13764
12768
7835
10350
12191
12691
2399
5814
227
12444
14736
5608
7303
2345
12679
4450
1359
9700
672
312
7308
13549
2691
2170
10298
5423
742
1828
10171
14060
10649
7515
11562
12152
5786
11812
6254
5813
1906
10404
4305
13862
7574
13809
11198
12345
12621
8185
9661
2130
9019
12602
6761
2404
14664
214
10076
5665
51
6767
11948
571
10642
1167
1794
7220
9046
10150
11559
867
13195
10545
7793
5267
11007
8446
5974
3882
5971
12953
7802
7556
7166
8041
5040
13046
754
9158
12488
5571
1736
589
5761
10138
13456
3734
3220
6407
12014
3978
3298
2470
11626
8794
3934
13474
4808
1493
6396
6218
9239
6194
14693
2098
13965
4391
8404
2600
11126
3747
6466
14887
12662
5987
14130
12606
4783
12654
6811
7273
5225
14567
6867
1992
9654
5331
10930
13372
4106
6566
8238
14260
2761
6270
11332
10542
895
3663
11173
9064
10329
619
10280
8266
12512
3410
4808
5639
9663
6327
8690
7153
9681
14123
992
9672
14326
12700
7443
8634
8461
10031
13494
4560
10509
7205
12126
6392
9654
3588
11711
1119
1481
12747
11943
4606
4286
13600
4480
6243
522
5290
3708
12778
12876
1084
4578
3637
5277
1660
11215
3194
11220
2539
602
298
2125
5720
12756
5306
6284
13416
10985
6075
9616
7570
5672
11934
2179
11385
5385
726
8220
1199
8111
3171
6322
715
6683
9425
2627
8488
1114
7994
7372
8517
4899
13942
12145
11644
2481
13565
843
14173
14959
2106
9305
12633
3162
5305
10411
7644
1457
8891
11274
10489
9973
10020
9427
12430
8976
1410
14037
3331
2678
12795
12302
2990
13702
1099
2670
6729
14788
5535
8904
6820
14882
9046
1240
6005
8865
8688
12552
1377
14014
9983
7030
7222
11719
11883
13543
9879
4514
14714
2668
1070
14528
12512
11495
2163
4803
6314
13930
2063
2635
3681
7855
10922
14987
4454
10606
927
8780
3422
3564
287
3857
12659
4316
7695
5764
5080
6271
1819
2555
7791
2215
74
2866
7833
7292
2370
12551
14076
1201
2551
9758
10488
13742
10332
2128
11107
7235
7265
1276
12615
1098
1092
11149
2381
12213
1868
8195
3799
11399
14723
43
12110
14507
9843
1466
7781
8056
7153
12161
8236
3376
9704
2220
1013
5528
8368
13917
8984
5567
9656
12845
14005
543
4939
6693
1122
3924
484
10620
5423
9174
8751
2676
1478
2507
12647
10981
3898
8865
9346
3051
82
10103
8040
9239
6394
13871
10136
11853
3844
2951
14211
13232
1742
1878
1037
11567
9567
3150
343
3857
7571
11532
6738
14061
9624
7027
742
13505
7880
12387
10018
118
11220
6605
12763
3902
7503
10700
298
2251
8788
3631
6775
2471
9963
10518
934
14600
1470
1080
1413
747
8521
5489
10479
3549
3365
8978
14614
14366
13129
11630
3972
6457
7933
14092
2012
10137
4115
12135
4064
13867
2851
13092
10068
3940
4757
4266
4097
14106
6093
1141
12035
6800
10974
9270
6597
5731
11125
9213
537
13524
11085
932
4121
12157
14659
317
9538
10870
8506
5797
10485
4334
12016
2545
12896
10428
10420
6539
13792
14098
4880
508
8273
11987
14594
12171
10483
13663
7495
11280
14011
9901
11598
5540
2782
1919
8971
12910
4281
4439
9728
8227
5599
295
5656
7701
9784
8428
11374
11168
10310
4586
10421
1438
8643
10576
7658
7133
12563
2487
4834
10875
3375
12225
6785
583
7735
6476
14762
10976
1457
12509
2257
9352
4370
11653
9908
7977
6330
6893
2387
2054
2289
11327
970
9424
14479
10159
11896
7205
9260
1837
347
1793
14604
13852
4851
8374
8509
5072
14965
3308
8665
397
9710
12800
2328
1068
12068
11989
667
14680
803
5669
100
2779
8586
7048
11255
12361
1104
12576
9579
7557
1716
14620
12162
464
9747
5517
6802
1534
14468
1258
6928
14079
8388
1891
1616
3170
7096
13410
13091
14906
6538
9579
1034
9678
1693
11824
5266
12803
12119
11148
3968
2389
8728
1108
13681
10090
638
1864
6320
6550
5187
14133
212
14544
13740
1020
9391
6694
5431
8085
5265
2693
14484
9672
1018
7136
13585
2483
13770
12923
251
8998
4415
3319
12289
4539
5350
7280
3210
6525
2531
5231
7089
6540
9719
7405
9367
1489
10937
672
2433
13571
7371
4034
5883
1275
2904
14056
89
6544
11505
13154
3093
8397
6299
11189
9717
11893
2255
9201
10670
2111
3483
13905
5553
33
10603
7943
14953
8613
12769
12096
6546
13098
10489
1679
1626
381
12436
11013
1634
6294
7190
11665
10020
4377
2138
13692
241
13530
12687
12474
14233
1736
5002
322
10087
8466
13481
5849
5672
9961
14102
6476
8775
14408
6608
4995
12908
4619
9562
9336
14456
6242
7566
4376
9920
6818
3885
1175
12895
11911
7701
1423
10926
295
12862
4809
8096
10166
6591
8160
1900
6586
5341
6673
7191
713
2890
10611
12769
12143
783
10621
3967
3351
13017
7991
9169
625
5401
3269
4580
12305
7954
8761
2259
12679
10550
8480
1546
1798
11898
2741
13027
1401
7436
7870
900
893
12184
9207
3927
8273
3406
751
11127
12079
12455
7575
2277
4870
10639
7470
4765
3322
3579
4594
13631
11579
4413
9512
5163
9409
9065
10970
244
13042
12594
2566
10914
5146
7090
8276
3441
11194
14342
11307
8899
7202
12634
5179
223
2974
6202
11675
6158
4428
12976
9705
12821
2841
9238
4321
11479
2671
4043
9517
14208
7435
507
13085
14485
9889
11660
12130
12779
2363
4028
8570
3980
7272
10695
6428
13945
14234
9289
2188
3207
12389
4812
10815
65
2888
4744
8073
10908
2769
11797
769
7151
4824
12098
1463
6695
14548
5693
5333
6314
9071
13896
3795
400
4405
5725
5549
7146
2810
5375
12244
8382
1854
6310
1818
2622
4692
13019
11597
5145
3587
1222
10009
5566
3258
1419
14155
10173
9231
14733
14396
8540
3955
10874
9135
13493
1017
10415
10660
12163
14194
927
8097
12394
14552
7387
5297
13513
10280
13840
2003
1529
9096
188
2727
7848
3886
13228
12141
2985
6569
10375
12914
3076
5978
3704
4427
5980
12174
3325
1605
9276
2358
14434
5950
2659
8124
12615
6013
10871
11122
641
14893
10390
12730
12867
14443
3767
8146
1287
9607
2788
13274
7675
5593
3818
3012
5021
6415
10847
2960
14317
1339
6954
12235
7726
14171
9662
9237
67
14723
6270
7215
1270
6863
5927
10482
2523
5346
8111
4260
659
12833
10887
8718
13816
11002
9683
8840
2132
14646
3103
6199
10166
7910
11805
14302
7938
13155
5003
13696
4781
9529
8078
1563
3336
10573
12003
811
14665
8336
489
14675
13304
6587
2300
1483
5452
13236
13418
11723
4487
821
7105
420
11620
70
12049
8359
10057
6625
2543
4368
342
9415
14478
6130
4754
9323
5381
3243
13998
8871
9174
8796
14157
3428
7895
3578
5610
10321
8850
9702
14736
8280
9208
3960
2424
7657
4943
3265
13524
3644
5753
8040
5792
11120
14332
3888
7108
11170
11728
11128
7855
10175
12725
10615
6646
13308
1263
8191
7175
8470
2749
14736
12775
7841
4632
7062
206
10518
3705
12096
4380
2115
4718
10354
3117
1134
3003
3037
4095
4006
11470
9440
13593
12721
1846
4560
10554
13592
12313
4115
6394
11751
11090
5054
895
6017
10265
12950
6488
7270
3682
11589
7464
14631
6748
5740
5456
2370
7497
5512
10305
13225
4095
3168
11999
8309
1142
53
5994
71
11507
1614
13204
14589
5702
7629
6024
14664
9458
12100
5868
5052
11548
11825
324
14880
1975
13961
5973
11106
14104
8183
6094
6801
8810
8168
7655
7921
8054
7586
4874
10211
6955
6417
10763
2067
13384
7875
8929
14118
14715
5791
7912
10397
14643
5252
1677
7270
2844
12118
6333
2181
9080
9888
967
3323
10519
6403
5779
12533
14973
13103
6610
1872
7225
10657
13097
5131
1061
13256
1495
9100
5032
6854
11391
8312
271
10697
7158
3558
6491
384
5077
10935
1252
2693
1131
12067
5450
7439
6548
6981
2095
11395
14145
1612
14181
6039
3172
3985
7155
11545
6208
4587
10622
12233
12149
2225
13496
7654
3051
14821
14244
2221
6042
14588
8025
10674
620
4531
9526
1029
14681
8622
6707
9513
7004
8636
7709
9779
9130
9232
7524
3172
11402
9945
9175
489
312
4018
5544
13905
13571
12795
4388
6726
7737
14874
5353
14556
8586
3507
5418
13640
9459
6125
11864
12586
12879
1109
5229
3513
9516
3717
13524
8818
7297
11071
5818
11096
5412
7535
10361
11602
13987
10620
2458
1886
4233
14981
1776
7129
3282
8152
1192
5623
3814
8884
8713
5276
13081
11589
2610
14203
13788
2031
4388
9853
14271
10569
14429
11665
9056
9257
9143
1050
8145
8816
14653
13838
3667
9978
8353
12898
14332
13099
231
1364
2524
7900
5004
13412
2358
541
13015
8823
4925
11158
12813
11956
6232
7604
2615
8663
551
5110
13073
9024
14008
141
12478
9998
9230
9874
1609
3102
3235
4711
14870
689
1800
3024
7328
6370
5565
1016
9307
8514
11241
320
11124
11986
11002
2697
7606
11062
7363
14689
12347
9222
26
6206
2355
2383
10422
10006
4182
7484
13932
9912
5587
214
11287
12124
10156
3208
276
11244
3098
14534
10803
4558
12782
13688
4016
491
13995
6533
2267
5546
10739
3546
7364
5648
663
10593
668
4945
10947
10559
11834
1823
9582
1329
9732
10910
699
13878
7540
4398
10786
11118
11591
12812
13418
10467
8423
3666
13366
9931
11011
12648
5216
8385
14172
2041
7849
5638
11461
14562
2539
10330
296
7538
2700
8980
9976
11453
3956
8106
14791
116
13992
12869
9760
14621
6954
9552
7229
5195
2170
12001
6579
1016
14548
14185
11606
1197
2156
7690
3060
10061
2417
7978
1859
455
10821
4052
10112
4438
491
11970
14710
5259
10139
10894
13656
7347
13625
14551
10087
13297
13408
6265
12392
5537
3751
14280
7990
3514
12373
8778
9296
11265
5045
4730
12698
6014
11009
9304
3799
2901
14439
2791
4704
5199
12291
1319
5876
3653
529
4258
2572
2605
12603
4763
11652
11152
10586
11321
11704
11541
11062
6598
7065
6712
2673
3444
214
5409
13196
7642
11337
4320
10751
7185
13857
10617
1561
7192
8246
2431
8403
4337
2984
8115
6206
6690
13662
282
8077
1546
10428
14687
12599
7258
6839
7841
10725
12991
2525
8846
1105
466
5456
7887
7920
13251
6853
5417
5905
1035
9591
3393
3075
9273
3137
6724
3613
13950
506
10982
4782
14932
12332
11650
12213
11650
6721
3493
346
6016
14891
3570
4666
14399
1326
7937
13881
10096
194
7954
14837
8244
9377
7042
6955
7034
11612
3325
4120
115
4228
11775
12484
6542
4063
1173
3134
8806
10673
11270
6530
3360
5071
14889
1143
6020
13726
3676
7947
10200
7843
8516
13755
7551
11145
11538
5554
5290
4695
5179
37
3395
14372
230
1787
3115
6085
13123
10335
153
4803
5074
14423
3923
1424
11476
3172
9488
5898
934
8308
7935
10378
8920
7272
10711
13019
4932
10396
7525
10618
12843
4110
5494
11232
3134
3987
4841
13101
13027
14935
602
8340
7794
5397
2768
9093
9832
6127
14669
8366
11066
14392
3761
11870
7102
8016
5452
7958
6075
5095
1152
2726
2810
4534
6959
964
8928
7690
13289
7489
13331
11386
7870
998
7705
14595
2584
3523
4503
1618
3187
13805
10727
14159
14551
13451
349
8623
4130
10117
13535
11882
7025
7932
13783
12875
5530
3259
13437
1804
164
2141
7837
7180
10034
14680
6521
2763
4165
7507
5432
1928
3454
4457
1908
2346
6999
3651
4983
8508
614
305
3560
3172
8953
1448
4361
14938
2214
9830
9065
14325
5085
2699
1454
1045
5968
3547
4124
14871
6929
12586
4458
11623
4685
11606
8427
2568
6023
11436
5876
1878
13275
4929
1189
14859
13581
4665
13226
8586
10318
6583
548
9335
13441
6106
11842
755
3002
862
11378
3451
14527
5112
1578
3028
10846
6936
13486
12346
8021
1792
8914
5778
3953
7186
1050
156
1510
1595
2464
1303
5320
10538
4552
346
12038
10123
13181
13578
14763
7672
14565
5161
58
2424
2351
8162
3351
13160
4012
6645
6178
879
564
8525
12668
9769
5381
6255
5056
11686
14245
1407
13398
10075
13130
3988
560
1231
5990
723
8754
14908
12583
349
2227
3753
5719
1529
4834
7887
11804
3349
12582
10818
10124
4441
9973
11026
2677
2268
4742
6926
8521
3077
8427
13158
6762
4983
4294
13362
7602
2119
7170
3288
12890
6270
3296
215
6298
8914
4050
3852
1420
12169
14881
10895
3824
2579
14950
8689
9015
4533
13554
3721
10981
1828
6386
9506
6922
4069
11990
736
12234
6472
284
9685
11178
9293
12928
3853
1144
9757
4728
8762
13217
889
5506
11352
3195
12531
9333
4183
5032
10604
4347
3069
3565
3448
7307
11062
14884
8790
8293
2229
11923
3313
6617
9948
11885
5196
14717
9531
4651
11096
7545
14257
14805
4791
5503
10091
11321
10033
6310
9390
9736
7807
10703
1630
2124
12214
6119
7729
1986
1865
3969
7353
1464
2498
11838
9904
9272
10557
14466
12998
12813
14802
14531
8935
3059
5090
3264
13774
12945
12216
14740
4850
2479
13902
7493
4116
7610
4987
7824
14670
14076
6988
7544
2785
7127
191
12792
12306
7952
10599
818
764
10566
8311
11577
9933
8276
1768
13570
12033
8950
7345
9784
4770
2125
14118
4874
2561
10005
7722
2293
4285
2733
14796
13922
5825
7257
11746
1808
2868
7297
5958
5822
2345
11397
13976
9283
9167
2325
12559
10839
5841
6416
10790
5720
6730
12203
2774
660
8008
10317
10231
2300
229
8305
11533
13030
10770
9389
5751
2676
11529
14959
10701
4736
2991
1523
7439
8373
3148
4835
10706
236
12446
11882
11451
12868
6943
9075
7191
8621
4483
11085
8800
7551
12066
3658
5592
9039
14863
946
13512
14778
11573
9882
14310
5882
10714
6054
2728
5207
4764
9401
12511
3172
14611
9994
4853
3346
11853
13665
6086
1695
2197
12130
13193
443
6159
3150
7669
14333
10930
13399
8509
2202
6322
10928
3662
2563
12572
5569
2153
889
6346
1984
3856
10081
13574
5627
7940
2071
13804
2245
12185
1198
9859
11817
12580
14443
11689
13866
14722
7564
13384
3394
9276
6365
891
10308
11850
3683
6332
2289
5773
6284
11511
5197
10348
213
8273
3111
1869
532
10210
5598
529
8685
1214
7311
7343
9505
13347
4219
5874
13706
5847
9589
2504
2951
7707
12491
9190
3265
8776
4257
10739
11514
11471
5901
4686
4661
1468
12366
6170
8577
11996
14189
12353
7786
2865
591
5150
8580
2965
2344
5335
2112
11415
7067
436
1922
2692
7396
7505
10781
8921
13603
6755
5953
9858
4015
12213
10313
2624
2681
8036
981
13049
12296
1709
6657
12235
9718
86
7116
7340
610
300
6431
13921
8626
99
4404
5464
2764
1969
9071
4860
10388
14656
13393
7434
6400
12927
13850
3378
9837
5955
284
9308
4353
4063
14118
5357
8779
4687
7974
7310
389
3440
8311
13303
323
7031
1232
3915
7808
4848
14860
712
13965
11120
2660
12640
3316
14223
5834
11790
1235
3738
12503
9654
15
12123
9568
4562
980
14046
11684
13076
8994
1761
4471
6948
6345
89
7110
14369
11695
9934
10569
4989
6094
14572
10342
8233
1403
1478
2041
9556
13852
11183
6074
11650
5937
13656
13287
3199
12463
11669
2935
8762
8164
1783
6717
12204
6649
10712
6294
3227
7113
6464
95
6301
8169
7513
3560
443
1781
1334
3159
14502
12005
2128
14223
12811
10686
7820
1010
7689
1801
3910
1906
26
6999
1807
11824
4310
7855
13138
1584
5691
10183
13813
2443
7387
11088
14773
3481
13423
10095
12844
1418
11128
8510
3433
11756
6035
2560
8905
1517
13828
9701
13605
1425
3202
4558
69
14302
6361
10689
14249
7588
3642
14750
12467
4318
13191
14684
6835
1723
10913
4338
2586
12593
3956
2491
5777
6515
3565
5050
5789
1750
13949
11621
2755
10989
11577
12388
14240
2829
11019
470
12119
2734
10845
5256
12776
11378
11042
14114
13565
6350
10724
7182
5604
9490
7114
1012
12468
711
13780
8553
10736
1311
4899
12499
8638
7021
11995
1477
7740
803
444
4006
5703
10442
7218
14852
1747
13700
4714
9399
10472
4451
6484
14438
6026
6767
6016
8265
3875
10565
14919
13529
4049
2466
4734
10808
12834
13346
11617
5755
14382
9565
6373
12761
5906
6717
1478
10161
2271
7262
14264
13768
10996
4380
13080
6285
9826
5461
6472
1871
1004
3730
12602
12175
884
1915
14957
3237
5708
11410
2017
3400
2083
13959
10017
907
13077
8722
8531
14308
5288
10855
5993
11612
11301
1150
2532
14668
4385
13448
981
7373
6873
9745
4750
10652
11962
9198
11877
3991
6760
13241
4452
5861
5244
10863
11684
12037
9363
12172
8207
1103
11929
7163
11583
5149
12736
989
874
14733
14383
288
13851
7259
10428
9644
11527
7337
9208
14364
3945
3879
11845
4540
7548
7047
6402
132
6368
437
4466
5494
5305
7213
5241
14877
10443
14709
13162
14601
12915
10972
8324
12144
4607
6471
14389
12193
10432
10599
14336
4347
2828
9999
8227
4327
4258
7388
14615
4535
13747
12604
9621
436
10267
8888
9983
6638
2018
10550
14201
11817
9175
9607
1448
7972
10555
14700
14932
1076
7658
9209
4699
10768
1101
118
2666
10305
13986
913
10619
3054
94
8626
854
311
1351
7887
1877
10719
11487
7750
10174
14881
11398
2519
10172
8221
8550
254
8771
4557
7455
13538
11877
4537
7905
13852
14335
10148
6221
14677
7652
1104
14931
11146
11722
548
8753
1137
6621
2668
12823
4213
4588
14907
14034
4817
14370
13581
4946
9445
1755
13731
7142
6061
10598
1555
11748
11316
7405
2498
8552
6728
4498
11810
97
9070
14950
251
5796
9623
14467
7412
8633
6103
6734
3242
8950
11970
5503
3087
14482
753
5201
11776
12922
8921
8962
8869
548
10167
3800
12437
8732
4122
9115
6094
14714
7778
14809
4963
4866
14118
7785
10323
9977
9342
5098
1038
14327
7356
7605
14778
5812
4317
3015
7799
1527
7721
13887
6176
108
6081
14703
10629
5823
2030
13680
4510
11988
639
3527
1171
12160
539
13221
363
7968
9877
1798
3579
3823
7923
9541
8191
2561
4021
6624
4414
1106
1316
4567
6992
8890
8633
4855
13785
14415
12155
4500
7947
10662
587
4050
13688
3828
6434
2618
5272
6096
2652
14831
6649
5923
10308
2353
7184
11539
6511
8067
1801
10405
9266
3403
10671
11072
11534
7280
3526
10683
14435
948
10812
5377
8851
7916
3235
3873
10853
4363
11127
1402
1352
13317
13454
1485
12917
1069
13582
6280
12671
2245
7903
4087
2698
12541
1396
12183
8378
2615
7293
14154
14091
9588
6660
1703
4018
1272
12071
2391
14117
3310
686
2147
11940
398
9053
10948
4948
9186
13154
10465
8697
12246
13012
12190
8044
6724
2678
11310
6520
6052
10494
8237
12070
11973
2310
6763
6657
11751
12466
11645
3998
11190
7162
9360
1558
5756
7147
2300
3488
5447
7235
14192
4461
11828
5456
1845
11576
9470
8658
12294
13593
