1083
151
920
406
1905
479
583
130
352
86
1303
1307
799
430
1482
706
1421
1589
674
1392
1398
1733
974
562
829
247
291
314
1248
103
329
1205
857
1135
669
571
1144
1257
949
509
1693
1794
516
1036
1702
640
1438
1711
2
530
928
1366
1464
553
32
1350
1177
358
1577
1658
187
269
882
248
1756
97
450
1664
1760
911
1561
164
639
164
1699
1603
1216
1937
860
189
809
579
312
717
1175
963
1741
303
1103
1319
1394
786
1679
1291
321
1423
912
268
1279
1604
189
1774
1951
1091
968
763
726
1300
854
428
134
1239
1497
1388
848
1608
1957
164
1072
793
355
147
560
441
1516
775
484
1348
1842
275
691
948
657
1255
1999
1035
628
1220
1748
411
236
441
1448
675
1184
154
1288
291
442
713
1466
747
1195
486
1248
41
1213
1509
1574
193
279
1378
1457
578
1736
1186
581
241
1388
1812
979
736
415
660
557
1914
698
1885
1257
1362
1486
193
905
1128
809
1944
1752
171
7
1957
1822
1119
1646
1555
132
857
983
870
939
1998
1573
1047
902
629
1734
729
331
534
1928
1334
1343
1328
252
212
706
86
473
329
1769
1792
1433
410
234
1431
1990
1859
1089
860
528
1699
930
1828
946
1258
1788
439
1290
275
1393
80
1613
1218
242
672
614
494
867
1434
848
45
384
654
1101
1146
564
1163
812
1471
639
1874
1639
1470
5
228
404
1514
381
993
423
267
795
197
935
1688
179
215
167
1562
816
1496
992
1655
11
483
1315
276
727
1799
693
625
1626
1819
1636
1518
440
142
1212
13
267
1100
112
1873
1011
581
1249
186
1718
1412
967
349
996
1250
654
1142
882
1984
1458
1522
913
128
786
582
299
1797
640
976
561
1416
1248
36
1003
153
1294
1715
1384
1118
643
1430
1233
1128
557
1315
831
344
1629
376
1164
493
636
455
683
1689
1100
139
313
1529
1574
1213
1940
273
1625
301
163
931
1346
842
1956
939
1757
1763
1341
28
289
1784
1570
1471
1751
1954
168
263
1811
67
780
793
1353
1313
1052
1154
1402
1855
1544
1429
1490
959
1503
256
1152
1900
998
786
420
225
735
873
1114
655
1399
1315
568
842
1777
1619
1045
1676
462
1557
1521
1370
1577
32
1789
801
1537
1902
218
1911
537
1330
281
1314
319
1851
956
1381
1843
1585
1332
1906
1678
698
1913
1736
585
559
77
1925
384
1813
496
1945
734
1781
322
965
996
1619
688
833
654
1202
117
69
1034
1254
523
1926
662
1664
1833
876
225
1614
1691
879
119
53
215
977
1824
293
1527
724
833
335
579
537
1528
1990
384
224
897
499
1251
475
580
1844
702
1331
36
151
1262
719
1979
1620
1720
1120
90
1443
846
943
1403
1711
1008
361
1675
1393
1235
698
674
1985
397
671
1280
1609
1979
1726
363
1215
298
275
1350
883
940
1673
1030
807
744
1213
615
1459
447
85
1144
1440
820
1185
1491
890
800
1187
608
3
657
51
1754
590
1439
370
1640
1994
757
874
1144
571
1593
519
771
1334
1330
868
648
22
83
1214
1538
311
1527
1839
788
793
235
1472
415
1110
1667
1346
226
888
1919
439
1368
373
1572
620
702
1572
940
573
1847
301
414
156
1559
1931
538
585
1920
1442
512
1442
1063
1599
1581
847
1759
1284
459
33
903
246
292
1882
1415
891
1499
275
450
1462
512
1966
1370
954
1992
487
378
78
1913
483
572
1081
1426
784
376
476
1376
1768
791
725
861
1418
1113
907
1669
1600
8
532
741
668
431
263
135
457
929
546
71
109
1606
1094
468
1680
1370
1975
1461
1822
820
1508
1506
938
1514
1731
1483
1725
600
1094
852
463
1284
392
479
1846
1337
1245
51
308
946
968
1854
1829
405
1266
161
1697
256
1181
47
1137
1445
1847
780
500
1026
1802
1153
700
780
410
1856
1835
1693
1608
824
1214
614
622
342
125
1923
1152
875
1851
1653
1676
533
248
1569
1785
1468
1419
1046
1715
1018
1437
1612
1978
819
1534
92
1351
1528
536
1112
19
136
796
442
947
1083
1633
838
1922
1214
292
971
928
847
1350
1269
905
1130
994
941
436
788
1978
589
1387
1602
635
1802
807
32
572
1624
339
739
1633
1539
1736
1805
622
702
1835
581
1124
500
725
465
683
1131
1469
265
1187
220
533
1595
675
1230
157
207
1054
1345
447
1830
30
1889
641
668
632
189
1213
1810
1533
1099
508
292
1105
1855
1664
1477
1864
921
918
1503
332
542
845
351
1090
744
63
403
1381
1529
751
1277
254
4
550
1235
1858
57
1833
493
1918
1659
732
87
1712
240
489
819
1565
680
342
132
426
943
1498
1488
1043
290
1577
1888
125
809
428
3
347
1230
38
1101
1305
429
1618
1806
1088
424
1585
672
1809
758
639
849
254
1244
837
701
1186
618
850
1311
506
1061
191
1568
479
1944
367
1109
1231
728
1740
481
202
1387
1513
1136
1061
536
1043
1
1358
825
1679
285
1650
728
1633
881
1971
1726
817
1729
379
727
595
244
237
50
1327
1144
56
476
1441
1080
1017
157
646
867
1730
1701
1640
649
1575
849
1953
1681
1382
1906
1917
1751
310
1486
1137
1505
1911
11
101
1475
792
1269
899
1011
1209
1899
1945
881
1384
598
1267
1492
81
766
1150
270
86
167
153
1530
774
914
861
330
132
1575
833
570
1339
1935
1169
1006
56
1171
74
461
801
628
1440
1675
904
1071
296
784
639
425
1669
1544
335
866
1418
1743
1857
571
701
1878
408
568
878
1633
1065
1374
1542
1448
1428
260
1436
910
691
689
1468
1457
726
478
626
1702
617
77
1691
1706
1906
1289
234
472
516
1426
1149
1484
469
196
53
233
1749
1807
610
1529
1528
848
1355
378
988
759
852
1646
1397
1961
1016
1378
1945
998
1261
330
877
1171
1726
1776
1140
1070
931
2
1110
1952
441
495
636
1235
1707
918
1867
1096
174
1768
721
1312
718
1146
436
588
1074
555
409
1770
1539
1470
934
1722
1356
577
80
833
389
457
1917
1352
1268
1036
318
356
1009
162
253
98
1510
848
824
1492
1609
1564
453
580
1339
551
1995
375
1593
1339
412
970
1560
913
1879
1129
837
1034
707
1716
1851
1368
44
1681
828
80
1578
912
302
311
259
691
646
1442
113
1791
124
1500
1494
1837
462
1541
1759
1928
624
1347
795
95
282
1123
1260
476
140
1107
1641
240
1520
771
1751
1259
972
1082
73
1282
1079
1720
324
118
800
88
1005
1337
1539
869
1254
310
1609
115
1057
1480
1284
1482
630
1178
1050
1783
550
1538
1800
1873
271
1352
1749
235
864
1379
1467
476
849
903
1023
677
1295
194
117
1923
936
1270
1853
1331
630
1405
1714
270
1975
1490
452
895
231
1296
1169
785
318
927
1817
1653
1587
1304
4
1874
842
1132
1265
154
457
606
187
435
1060
1127
846
1280
1684
469
1242
865
1638
1478
260
1374
927
571
245
1552
1733
237
359
368
377
464
335
1632
1265
1979
488
1498
139
1559
1813
1368
1302
16
1834
1103
450
1889
1100
1849
1684
951
15
109
1044
630
947
271
887
1712
420
219
247
1819
58
595
792
1214
14
1705
1980
1744
726
78
1664
892
72
910
736
1141
1102
1843
1137
509
683
1426
449
225
587
635
1032
217
610
426
1139
1594
1120
1482
1958
1239
310
1236
1875
1395
1868
1940
225
1937
445
152
557
36
1534
1745
610
577
1082
1738
1136
631
146
566
626
1378
673
1763
1133
299
939
69
1772
589
951
1497
830
1866
1968
1741
641
742
1201
512
1780
434
78
995
682
865
1816
561
512
1381
346
1326
1092
1744
609
497
721
105
806
1925
997
375
380
1968
1085
36
914
743
609
1340
1096
393
1430
1634
786
191
1300
1678
1080
268
483
377
1556
390
242
1624
404
1086
1256
1470
1020
535
1936
1275
1514
1405
54
109
1910
646
1950
1072
1952
1172
285
1953
1896
1458
958
417
1197
1043
1025
538
1442
620
818
1990
1725
1460
1631
1828
1486
1138
320
560
457
155
119
1380
137
1190
1768
434
318
1410
424
384
104
289
1728
946
128
839
273
1976
1510
1398
1832
893
586
63
384
449
1014
121
1585
814
852
1724
1496
1740
1339
1577
279
6
1275
591
219
32
195
434
1885
1436
1731
685
1699
647
864
343
1050
1059
322
1225
794
74
806
1318
1419
196
1824
1610
1531
380
793
1988
1607
551
559
266
700
919
1178
1800
697
152
177
947
717
328
422
938
1949
508
673
437
1418
113
783
205
1200
1956
1171
22
207
585
902
1505
643
1743
1078
1148
87
598
1643
130
1880
521
527
642
1896
1858
601
1091
1774
885
1661
1023
1706
355
569
1493
1768
354
1065
743
1748
1155
1593
112
1249
672
304
973
1250
1273
850
1351
865
543
556
896
1585
140
308
1342
1355
79
248
1321
923
1878
1798
287
1173
1584
1379
1733
1532
899
382
724
928
415
1392
1224
1553
1627
1840
500
35
310
158
1163
1799
1673
1908
1627
45
1723
1387
1668
907
271
1188
1370
873
17
1799
1665
1893
1116
1818
1966
161
1832
1968
1170
748
1084
1788
1728
238
1747
1286
613
1720
635
488
1500
1676
1752
1688
1809
1511
713
1817
656
1226
22
350
1536
1827
175
606
918
491
191
1002
1967
1704
737
879
960
1934
1659
1429
1159
985
575
1649
238
1529
299
1989
141
1428
9
454
1447
15
1311
1944
726
734
252
1901
63
1140
368
121
1528
1633
520
1795
938
873
728
1875
1851
1283
657
1671
650
372
111
7
1527
186
465
1489
482
1736
1554
1951
392
793
152
225
1681
1757
1365
19
616
454
120
605
1008
503
1050
1267
699
134
602
163
1358
1640
1293
354
623
245
373
1877
675
878
1638
1791
78
569
1402
144
720
502
193
94
1917
637
1054
196
251
1505
999
1023
1135
1197
790
348
1133
1391
593
752
1500
1798
1602
1436
1384
1488
1343
1738
815
328
527
439
1101
905
547
197
1941
508
245
720
586
1097
102
1117
1246
1349
742
1477
88
1290
658
686
1975
650
644
921
900
756
709
429
1294
1315
1380
1922
978
559
1922
229
649
593
407
625
1145
1873
165
403
1696
485
190
34
745
1865
1650
1525
1670
1840
463
451
261
1626
1296
1184
1799
1815
1425
1270
1716
180
138
686
1427
512
827
1494
883
32
1541
101
484
241
1225
414
565
674
1683
1428
1665
1855
251
1138
96
1471
1968
1023
1296
1222
825
1330
447
895
686
1516
346
1504
607
233
1037
155
641
1637
299
361
1966
20
400
882
619
1124
132
1997
1605
1861
1928
1000
589
1955
544
1804
198
1660
1207
211
1654
1589
1554
1708
67
1060
67
1450
390
1509
1213
613
838
1734
1504
1947
622
413
602
1701
1197
450
