2324
1512
3419
3518
945
2446
1370
262
2396
214
2779
1723
1093
3521
3730
1516
3505
1487
3206
3679
1787
2483
2710
1628
2474
668
3915
896
2120
3738
3286
359
899
1261
3260
2108
688
2130
1343
1628
1540
78
690
872
1818
2838
2532
1242
4
1227
3200
3745
1157
1836
2809
3841
2802
1791
1044
277
2530
473
2141
2657
927
2419
824
3832
260
1622
828
1375
144
1578
2138
1708
1793
1837
3809
3636
2135
2672
892
892
537
3541
3202
3063
2452
3419
3305
2897
1086
1066
3097
1067
1936
2032
3945
3398
2014
2700
981
2382
399
1825
3600
3579
3697
1100
2047
965
1982
1408
2141
3857
3581
1249
2120
1386
3217
1760
1380
841
2316
1931
288
3078
2480
1071
3772
3760
1892
410
1622
3435
1691
2510
493
2711
3940
3622
3365
1351
1371
2340
914
3678
2924
3240
1485
687
3912
2558
181
253
1319
140
65
2468
1537
522
1098
2626
1328
2287
3073
1572
3785
2705
2166
1071
755
3408
1445
3594
2394
28
3469
3976
1016
609
153
3240
3585
3084
3848
3333
229
1368
2115
1550
2444
2025
1174
3418
2524
739
23
3084
3267
3342
3892
218
1073
414
3931
504
1113
586
1858
1290
670
88
1451
927
369
1857
3040
2243
2438
3739
1342
2417
590
615
2626
2730
2233
2027
1070
1655
5
384
709
1673
717
3934
2166
3171
3152
3344
2220
3643
3510
825
879
2355
573
247
3048
666
1699
1779
646
3527
1999
1475
3628
458
1788
1201
2270
3085
3515
203
1285
285
3379
3778
209
434
3691
3869
3091
3094
1519
1699
2906
3764
3735
270
2156
1985
2978
403
3955
2225
3738
1181
3673
3242
305
1708
1382
1950
1073
3134
127
3307
3540
593
2976
795
37
2614
975
1830
2688
1551
2007
300
2568
3863
722
1518
3044
284
107
3111
247
3059
547
2197
104
967
128
1982
2486
1140
2021
2384
1572
3599
224
3142
1293
1361
1948
364
3428
2124
3536
2187
3174
3373
673
441
986
3864
2906
788
3027
1015
3059
480
46
778
690
3070
2485
2993
3344
1548
3530
3623
2727
2968
3639
1580
224
1683
2336
3742
3683
2123
3522
2360
3023
730
294
3686
995
2622
2233
1233
3357
556
540
3744
3095
514
670
2878
1878
435
2780
1988
2656
3550
645
1704
802
3406
3639
1222
2451
3284
1331
935
957
1686
1755
3960
2775
2799
1997
721
3314
2297
265
2170
2428
3895
2484
3709
1012
3458
1864
3248
3342
1534
3703
3472
84
2589
2883
1589
2982
1010
2781
73
3224
3604
2786
1408
2759
710
102
3078
2438
2058
2673
359
3285
2474
3276
907
922
3930
210
2992
1419
2083
1593
3423
1983
2282
3875
186
3915
407
1739
2303
3515
192
2946
2823
1108
1075
950
301
3356
2785
809
1283
2860
3343
186
1610
3313
1976
667
3051
800
3789
2653
1141
2010
3362
3425
476
835
3915
3163
2030
318
369
844
3093
3528
452
3798
3846
2980
3908
3636
2634
1273
310
562
2639
2096
2265
873
1939
3740
2688
1503
3726
1538
1805
812
1746
1650
473
3466
3440
3622
2779
964
2490
2499
1093
2081
2860
2177
820
71
891
152
19
3867
1700
2799
785
2380
2570
3042
1224
2289
1630
2866
1117
1554
1723
3640
2052
2195
2506
442
195
3011
2494
3346
2072
140
1002
183
2013
3761
2919
2616
611
3573
1519
1937
3112
2946
864
2093
896
398
2397
490
3333
3624
1381
3538
357
3219
125
2625
1564
449
3957
1007
1373
2354
727
645
1378
2386
1028
1462
3369
3013
2254
1544
35
3785
528
3106
1331
413
3545
3796
614
2003
12
2447
2758
1463
3826
2793
3636
294
1051
162
3615
511
564
757
2218
219
715
2510
3369
934
1120
319
1369
3837
3503
571
2691
1019
1293
1151
903
161
393
3369
2342
2280
1886
3914
2560
2235
1826
3075
1961
2092
1928
3523
3220
3770
887
1111
3698
1035
426
3679
883
3692
1077
2921
1959
3254
102
2617
3000
3900
3258
3454
118
1195
2415
3938
2333
800
3949
1134
3108
2045
2357
3277
1908
3979
1350
2920
131
182
1452
3868
3734
713
2485
2649
1202
2964
1954
3306
2133
3209
74
2061
2833
2474
3405
2025
1355
948
2777
2897
1085
3292
571
2838
1334
1800
1012
1980
1903
1181
2485
2818
2447
3390
3719
3404
2710
3765
2736
3368
2845
643
3001
3899
1970
296
443
3434
574
3325
1565
3183
1404
2555
2782
442
142
3646
1314
3402
1952
3974
1402
951
723
1256
3613
3443
2755
0
3314
1589
2212
3409
51
441
290
672
867
1038
1356
1578
1405
2577
3616
3302
1413
3892
607
3276
3262
3063
2451
3333
1416
2871
3241
2049
3175
714
682
999
678
573
11
3975
970
1995
2503
2341
151
3470
2779
275
2046
374
2568
2825
1334
1421
3843
3720
2836
3478
738
251
3138
2878
1993
1180
1200
2240
1496
153
355
356
899
831
2566
3641
2331
3417
1389
2266
3124
3792
284
2175
1287
1042
302
415
715
1754
870
961
2163
1200
3835
3760
837
2092
2
1322
1140
1910
1973
2625
3920
1689
3474
1736
259
1693
3089
425
2331
570
354
946
3966
962
1591
951
877
784
1525
3741
3282
3393
2193
3699
996
2805
2804
239
3415
66
1125
1213
1818
1658
2255
3598
1567
2565
156
3022
2664
445
2630
1593
846
2888
3793
3874
500
3051
444
355
385
2231
3343
526
3495
3775
740
1453
2889
2850
1010
2264
3444
3140
3128
2308
2707
1992
3383
2312
628
2503
1076
2837
763
600
2853
2108
3012
2929
3738
363
3622
769
828
3586
2314
1729
102
1792
1825
2703
133
3814
3434
365
2148
1705
3760
1484
1166
2507
3667
2132
3727
1882
1155
506
3762
2895
921
2632
2440
3959
3111
646
2642
2674
2311
3542
3993
978
1890
1591
486
1924
2370
1262
3402
397
2451
1147
2347
1527
1762
1230
695
1489
1042
2946
2431
1808
1966
1207
870
3193
262
173
702
2787
1723
3474
3394
218
1491
188
617
2076
1645
1802
3511
3892
1103
3365
443
3774
284
913
2196
1881
3950
1152
1632
3365
1110
2184
3012
683
720
1293
1662
2196
559
614
2674
2977
1753
2129
36
1574
613
2619
3843
3239
3434
2538
705
2600
763
1096
2909
3349
1977
2821
2836
570
1841
29
3107
3306
1176
3934
1355
352
140
1315
3332
488
691
1465
2020
2154
877
622
1268
1331
1309
2393
3930
2572
1479
411
3919
3624
2383
2313
219
1738
1778
2103
1135
1723
3022
729
398
679
1263
3491
3099
2119
3205
216
1909
3298
3075
754
2471
1354
1552
1505
3261
3448
99
534
1827
764
14
1731
1968
1826
1095
1593
2710
2587
329
297
3132
148
224
589
67
1817
3293
1810
3366
1262
2501
621
548
1629
3841
2864
186
272
2842
1687
1624
2487
2901
3633
664
3531
1522
1272
1023
1611
1506
3322
2968
2778
1622
2323
1130
963
1437
1443
154
2288
1168
564
2263
3392
1183
339
1984
2230
1407
2437
3745
2642
2672
645
1246
590
3924
535
295
2021
787
1754
3756
3179
1653
1769
6
1518
1734
3222
2835
1398
1532
3336
1319
2336
1370
1271
2348
1183
3287
2792
204
3068
3576
325
106
977
1077
539
1038
901
1148
2133
1501
3413
808
3083
1739
3413
332
466
496
2184
3601
2347
1110
3335
3326
2909
3220
2652
2187
3111
2734
1994
1550
687
3603
1327
1663
3029
441
1194
2184
1933
249
3398
1835
1905
1528
2286
3532
2935
850
2821
2296
2019
3466
1229
3214
770
1651
2167
1319
2385
2714
2036
3399
3506
1863
120
3480
411
1749
1302
25
3301
0
1668
2097
1711
1500
1420
1381
933
3120
3251
2261
3912
3697
3530
1220
2374
2113
893
1378
2273
3875
3798
3219
2212
3999
2328
42
1408
2806
3120
1185
3548
2795
2994
2018
1798
3131
1503
3270
230
786
385
3265
3462
3775
3486
3809
2332
2899
1106
2298
856
3923
1751
3426
202
2449
3884
1712
3171
1378
3973
2126
0
2066
2712
1117
702
1512
3422
3242
610
1623
1148
1487
3489
533
3756
2437
513
2519
1710
2508
1700
822
329
3624
1044
3568
1816
3349
3246
3791
98
2852
813
2258
3264
1396
1062
2369
3106
819
3477
1863
1688
3233
2775
264
3936
3669
2692
1447
1198
652
3667
1464
426
3177
1736
3088
72
1134
3696
72
3996
819
1524
2295
674
1230
1268
2359
1374
2144
3412
890
3030
3836
3133
1096
848
780
3632
2146
656
1798
2592
3446
3184
3348
1832
87
3660
1973
2296
1972
1123
3404
1867
869
1708
480
3589
2705
2400
333
72
3054
1239
2777
2433
589
43
640
2240
3292
1501
1549
3415
2197
2226
2078
3111
1325
3398
1181
2699
3400
3847
1439
3766
3626
1969
2264
3387
368
1190
927
3746
323
1726
3537
2206
406
914
1243
43
3019
3733
3004
471
3574
3988
3670
2642
3630
1368
2264
3307
1219
1633
671
3206
3800
3011
2807
2620
1779
1252
1871
2101
574
1802
3092
470
2688
3871
2704
410
2155
1138
3679
3666
843
968
191
3637
2299
3622
3756
2999
2926
1619
2526
2690
1054
331
2406
1395
2107
2623
2263
1767
1862
902
3896
1771
896
3199
3953
3759
2664
1853
1152
81
1953
1004
2363
2831
2819
3169
321
2157
1495
2871
3175
2954
3276
401
3416
2357
1465
1309
2303
3532
2874
1912
1804
3941
1072
2419
2740
3099
3668
3997
335
1072
467
2445
736
49
1968
3574
2575
2937
2302
106
271
2990
1726
941
2495
494
3782
1596
2293
1355
3550
1620
1206
41
3200
2421
1759
399
428
1221
2488
1497
2536
2103
2486
830
3665
3367
389
1891
2733
3365
1229
2767
1640
2813
2215
130
3924
2246
3316
2072
1704
2980
1521
2847
1238
694
849
3546
1814
2175
2508
1080
1618
2773
454
3622
2454
1665
829
415
1206
402
2621
185
390
2439
2401
386
205
1629
475
2182
1904
416
3793
3555
581
3639
3591
2971
2517
842
76
557
856
149
1149
2866
2359
2592
1675
2259
1417
2900
865
1302
359
1336
2457
2799
2293
462
3340
185
1700
326
3176
1201
2980
899
3040
2815
2073
1857
1897
363
325
2063
3328
240
1290
3534
2027
1613
3954
2216
765
3003
3550
2490
3196
3245
1181
792
677
2055
1502
3891
2857
530
973
3947
3886
1460
3552
2859
186
3559
1002
502
977
2295
2008
2216
1508
2758
2434
1727
230
3483
3560
172
1650
489
1702
3795
1633
1280
1180
3842
2861
433
3205
2797
3267
1342
3648
567
2060
1094
2030
1205
2000
3048
1513
901
1237
2965
3284
1919
3620
3774
3660
3374
969
800
2296
3396
3757
3757
1226
2905
2379
1160
1640
543
3089
3210
2948
165
3110
1867
3666
3136
1453
2355
2171
2601
2975
801
2558
2668
1996
3261
221
3086
773
3831
1827
2467
3045
251
809
2303
3868
3124
2826
840
1408
970
1811
2026
16
3118
2808
1752
107
524
1921
2614
2628
3695
421
2956
1199
2558
909
3118
938
2554
3770
3258
1383
481
1119
2859
1057
1363
3268
2328
3528
1331
1193
2005
2990
532
2651
2878
452
2468
2978
248
1910
3212
3838
3350
3830
1853
1104
1310
2214
3708
3901
2853
1199
2553
642
3535
1998
3949
694
2744
1255
3592
3086
1296
2501
2415
3966
666
3906
2031
2665
2469
3575
3521
1347
2170
642
1769
3028
3204
258
1958
113
3820
1430
2339
805
436
3889
3115
879
503
1773
234
2993
2317
126
2541
849
1414
1887
437
1403
183
1042
1431
3278
1678
1205
2472
2893
229
920
1490
2485
3297
3478
3265
3866
161
1610
3529
777
790
1151
2162
695
3341
528
3029
2043
2100
919
1614
1317
3821
554
3930
2777
3998
3061
3126
3231
1416
222
650
3583
283
1748
3695
2839
860
2675
687
3804
2357
3659
612
3031
2880
735
3937
1150
2175
428
793
3309
3305
173
2664
2742
3548
488
3868
1100
2483
298
3361
568
501
2579
412
1592
832
190
1182
3425
231
1810
2959
161
3941
898
3896
3262
3124
1976
1055
987
3429
1341
277
110
3083
952
3290
372
2807
3587
1320
2059
298
44
2530
301
323
2344
317
1985
3246
1368
3077
1495
1213
2503
2801
2650
591
605
1975
506
3243
2373
1138
3159
2302
302
2508
3879
900
810
617
644
489
900
3862
3897
2368
3595
2939
780
1659
3069
1741
2061
2263
2781
2897
580
2151
640
3781
2202
1611
813
2816
1925
2905
3370
1999
21
3835
437
1084
2435
750
2432
1006
313
2640
2903
282
995
1665
1195
2847
173
631
3077
896
3520
1405
1927
1728
260
1028
2415
3032
3675
2083
1937
991
2997
1596
2918
944
1221
1985
3305
1311
3830
1774
2583
1940
3248
357
2785
536
415
1966
2643
1293
3827
2474
2478
2615
1907
2709
824
1406
2334
3400
1330
2229
702
1911
1284
3399
2746
251
1626
2187
1325
1766
1065
1745
2821
3987
2479
3902
2243
1878
2617
1709
3440
644
1164
523
3117
302
3037
2511
1160
1898
2976
430
444
354
1238
1336
3073
3385
1790
164
339
455
3967
2061
1409
733
3794
1920
229
922
3163
455
782
3621
2789
58
747
761
282
2443
1214
3115
1027
3426
2790
634
1301
2466
2748
1143
828
2857
88
2452
1369
2985
676
3102
3114
2384
508
1116
2281
238
2735
2520
3647
823
1565
1179
588
2312
3103
3346
2950
1224
3427
541
3271
774
3431
1327
3171
3086
93
305
366
2330
2251
3804
3382
1644
1646
1898
1935
97
833
788
691
269
986
478
901
1568
554
2516
3754
742
3502
145
3557
134
3831
2339
2952
3180
1945
3194
145
2429
2153
1317
2571
1761
1797
2944
665
1204
1410
2852
390
2639
3849
3001
3787
2953
426
1602
2532
1577
550
3624
2827
2105
246
3247
1812
3306
2945
2755
2152
1639
643
2261
2115
3668
1906
3140
3771
1610
1850
2549
3332
649
3755
917
285
830
2551
3999
2753
342
662
2568
1879
2529
2490
466
1514
2550
1131
1358
2259
2654
700
2751
1995
1588
886
119
1046
1286
1831
921
3726
2000
291
2177
2350
3329
2962
982
754
2945
1
1809
976
2075
382
3585
1178
1440
1625
1220
478
491
290
677
3949
1004
2922
2696
3943
2432
2953
1467
2510
3740
2841
3878
2237
312
2116
2185
3588
148
603
3313
2652
2890
1775
3919
1206
1300
2941
3605
3660
611
442
3235
1710
3614
2228
1346
406
265
1038
2322
3992
2534
3299
1235
3234
503
1347
865
3324
3440
1632
330
3887
977
2025
1058
3229
3002
1489
2643
3491
3347
1807
1899
3298
3606
2168
2623
2084
769
1778
3322
3110
2281
3320
118
3591
539
685
703
3952
2076
281
219
2978
112
3347
732
1589
1169
2117
1403
2775
2395
2830
644
726
1400
1937
3627
2335
2724
2780
2554
1661
2310
1220
1605
1656
1906
1467
2689
2317
786
2690
1415
3066
1587
2920
3185
258
1435
1034
914
2652
375
546
714
3450
2675
3392
2191
2602
1057
2367
1228
3295
1726
2557
668
2892
1741
3076
3682
3702
3427
3086
1988
3704
1415
1578
3138
2479
2751
3369
899
1690
1865
3901
1286
1763
505
2155
2980
2514
3276
86
1259
2418
1462
2119
1339
3030
2252
293
2516
2359
1351
1212
3225
1288
2557
1010
2035
1097
253
3712
3850
1688
1468
3537
1429
1825
1271
2904
2386
3586
95
1168
426
3340
1827
3569
2241
3295
238
108
226
2458
852
2539
338
653
676
3998
3206
3495
119
1883
2260
3564
236
3571
950
1924
689
3514
1758
3348
1906
2929
2263
182
786
3884
3461
2987
2768
2739
858
145
3485
1392
835
2928
3199
776
1148
1272
3698
2891
3466
2212
2908
861
3104
2255
2619
316
2605
724
2349
878
551
1922
275
156
3867
791
537
218
726
1380
1024
2114
78
2843
2735
2021
2725
3913
2365
485
3649
3014
3463
51
1274
3924
780
1205
368
2452
133
134
1795
2607
840
2912
2652
3042
908
356
735
3480
2165
2086
1187
793
783
260
3520
597
1590
2692
2358
1863
1228
1536
2459
224
2881
3943
11
3332
3850
2274
1247
890
318
1471
2002
3823
3369
3683
3005
2009
3750
169
849
1377
2864
480
3140
519
1685
3770
861
1441
1775
3932
1378
3304
452
2428
161
965
345
1403
3629
3890
838
296
474
3311
2257
3696
1228
1907
3686
349
2113
1059
687
1082
1360
2401
802
3492
1646
79
1413
3805
3114
386
92
2698
3370
940
3521
2039
1663
2346
539
958
538
2567
6
3828
2261
1988
2541
2953
1754
1426
1818
319
2616
3370
1068
1759
162
852
3756
3549
2477
1033
1181
87
3219
3559
325
288
2385
1647
2685
3766
519
3728
544
2792
2395
973
1230
3658
1538
2459
2051
1688
2568
3773
82
0
3872
1761
1877
811
2589
989
2481
3505
1385
3918
609
2702
1662
2253
567
107
2741
2051
3800
2888
2825
2276
3364
3188
3621
98
2011
18
2981
3493
1519
3446
3477
325
415
623
3769
1874
1177
3529
1247
1039
1406
2476
364
2528
1995
3284
1891
1943
2947
516
3972
1193
1175
1596
2397
2688
1189
2491
2978
2462
523
1892
2398
1163
3225
1337
1837
3944
337
866
874
270
1641
1786
869
887
2824
1093
2102
2726
2126
1037
545
1003
3473
2283
3149
2819
2226
1081
685
2685
550
2784
515
3514
78
3201
3303
657
1446
1947
1606
2080
3641
3702
3552
3389
726
1509
3864
95
389
251
335
3485
1346
1395
1689
941
2187
3017
1717
3256
181
2189
3719
2856
1270
1355
809
3622
1790
1444
1280
179
3431
2465
1361
3771
2731
3760
2093
717
1216
589
2295
299
2448
1030
2167
2683
1511
2361
2470
2428
229
2349
1899
1452
3982
695
2118
3371
699
241
2305
2944
2971
156
54
2881
33
1918
2210
2426
924
1000
2039
3592
3893
3420
407
240
3188
2125
2111
3428
2974
2851
3950
1081
566
3908
3789
2035
1642
2721
17
975
2283
3351
1328
2292
975
3285
2649
3592
150
43
1504
3229
310
2307
1558
561
288
1878
183
2574
2129
2877
3969
120
205
2973
2315
124
2129
175
784
2202
982
1064
1308
542
2092
2115
3264
3902
3475
2519
3278
2931
1346
721
771
2258
2350
3227
1747
3763
2538
1443
2845
3406
3381
1207
2086
2002
970
2525
1463
3974
3258
3301
2246
3245
998
1016
2469
2172
2614
280
3098
3610
3598
1038
2773
3484
2202
56
1774
2902
2428
1021
3663
3539
2219
1902
1160
884
28
1262
2931
950
1055
3303
3673
2045
2474
1525
1260
1333
757
3574
1149
2258
2345
3234
3807
2343
2434
2601
3800
914
750
2560
1546
2236
3637
2707
1026
3096
3855
1584
2144
1351
1349
2147
2555
295
1364
728
1010
676
2795
441
2144
2854
3871
1405
1194
2985
2094
2817
2450
1426
1461
2017
200
2495
1757
1436
2407
3767
499
2164
1477
3173
1430
3797
908
197
679
3511
978
1706
1591
3123
2118
309
416
2692
2364
2231
1513
2040
1001
1038
3134
717
3890
3331
1947
60
2538
3928
2320
1242
177
631
2964
2971
1423
74
496
996
2306
2583
1839
744
3835
2338
3899
3890
2078
3065
3071
175
2254
2458
1163
439
38
713
3907
1577
2249
619
973
1049
3385
348
2946
1486
1345
1445
1268
2290
1735
516
3734
2417
3198
2390
881
1551
3432
2056
1981
3473
856
2144
2988
1718
3467
2524
2932
710
166
2919
2746
1687
1609
789
1358
3487
3392
2412
2545
632
1796
781
2440
1737
2724
2745
1240
1647
3831
2355
2145
193
2637
1500
193
1241
1359
1227
2018
2820
2513
557
2123
2815
1769
2046
808
2408
1032
1394
2159
1019
3510
1349
1676
75
3703
1250
2994
722
1283
1284
879
1811
774
2553
3050
109
596
116
2127
2164
393
3725
2119
1239
2657
3625
3968
677
1937
2832
615
2437
196
1125
682
1287
3823
117
1537
109
2233
1296
1536
1228
3678
312
2041
3215
2996
698
1811
915
3267
3994
625
3785
3230
437
1418
78
1282
2316
2785
2451
668
2442
1614
3648
1871
1762
285
479
2579
2018
3931
3097
2189
890
1560
2344
1583
752
1680
1238
1020
3700
3169
202
499
897
2057
3386
2698
1459
2827
3917
2510
3084
559
1236
2698
2393
1344
1234
413
1332
2336
1249
62
1528
1595
2339
2876
3073
2495
529
635
1547
1431
968
3272
1411
3148
973
3704
898
1780
1119
3191
14
586
3104
331
323
3646
3190
3407
445
824
3688
1364
1920
140
2971
3301
3718
509
3625
2964
2297
3281
963
1653
3591
1964
1286
3244
371
1530
3514
3551
1216
2058
48
941
2491
2008
2552
3426
3304
1121
189
722
1742
3604
1351
1271
177
1671
3985
389
2155
2155
893
733
3623
1451
739
2359
2359
3945
3036
2915
1310
137
147
3862
91
2029
810
1710
1957
198
3659
1175
3091
240
3911
3987
612
15
3067
2699
1544
3125
1396
3061
1164
3315
1318
1039
1268
193
1067
3359
2084
1274
3412
1605
3456
1489
1179
2147
861
2275
2431
1956
2495
3717
1641
3382
1540
752
1746
2344
878
337
1370
2184
2741
1086
2697
776
711
3770
442
1764
3131
300
3091
1817
828
2305
530
3123
2836
920
1837
3269
693
3439
565
1446
1673
1936
3499
515
2446
2723
2480
1747
3903
1227
2863
2369
2791
402
1435
1090
1832
667
2824
2195
626
3824
2553
3234
221
2623
3507
3957
2499
2101
1491
3301
521
1250
3103
2774
271
3926
3317
408
1819
1343
1913
3600
3441
2160
332
2434
3484
747
1436
25
614
2370
820
1849
3382
265
294
3822
3215
2523
3247
1801
3736
3562
1848
1540
1298
2660
819
1906
1350
2416
375
3282
1910
2952
3792
2060
2291
1073
472
1752
664
1465
2686
2151
430
1254
3392
5
3631
3495
1193
3296
2096
112
3864
3879
311
2791
1135
823
3927
3529
2675
2198
1994
1537
3938
430
473
2233
1531
2141
2050
1494
1136
2270
875
3697
1109
44
3268
813
2274
1854
1223
1079
1186
1798
3088
3912
1748
3499
3938
3649
1824
1135
2790
487
156
2893
1315
2961
3532
1397
1963
3051
1245
602
2975
1593
3003
614
1681
1090
1554
3114
1255
820
975
914
351
2140
1341
560
485
2031
2203
2400
3669
1
3480
387
3541
2216
2728
307
1280
876
3890
2171
3833
584
2823
1494
909
1134
1817
2847
2094
2710
3880
1969
3512
3242
2541
3175
1620
2972
912
3932
847
2844
932
2973
2113
2615
1072
3465
2362
1247
1833
378
929
2803
1080
3767
3316
3847
3651
3350
213
3356
306
958
121
1510
875
298
3674
3552
2687
2308
3964
3958
1324
988
3651
3849
3380
2293
61
2352
485
847
877
3501
1039
708
2161
2774
3858
1772
3321
1561
3718
1491
2538
3973
2851
602
1740
774
3790
2809
2560
3524
414
970
1479
91
115
3467
467
1357
3289
1861
2870
3459
81
619
470
166
2137
900
3693
914
2987
2402
240
3832
2450
3678
998
2777
552
3287
2561
1675
2286
1352
3087
68
3229
2069
2658
391
1305
1963
2272
1856
2620
3079
3891
2231
132
1574
2636
2890
3115
1645
537
2011
730
1646
1641
437
2468
1689
805
