252
7514
2623
2399
3161
2934
4142
7476
925
6564
655
1475
5590
3850
3343
1403
805
5833
1557
7530
2343
831
7039
316
2287
539
803
7883
7413
1528
2628
2103
691
4426
6124
2076
1445
5479
5608
7263
393
7882
3094
5607
4184
7674
446
1569
3168
2348
4637
7142
52
2059
1910
7421
475
2307
112
2622
2130
4258
63
7397
3936
6552
784
1164
5726
1267
7958
3326
224
2293
7136
2461
5737
1431
4132
2613
92
7233
4715
5064
4890
3485
2050
6632
2515
6703
1601
7137
5366
2986
5133
4134
7819
3696
1671
5631
6889
7281
3843
1901
2390
1310
6917
5759
2922
7449
1684
7043
6175
5498
2529
2896
7543
2998
2506
450
4501
2151
6649
7022
7666
820
5960
5238
5160
3001
2642
2040
7760
6500
3723
811
3390
2814
2674
3580
4568
4291
3710
3065
5019
2557
962
7867
457
2236
4591
4820
1189
1220
1130
4737
632
4820
2234
1569
3350
1679
598
7920
4807
7643
7282
7675
1774
1718
7506
4729
323
6926
3882
210
6441
3583
2003
5108
7858
6092
4781
2924
6410
5821
850
6539
5370
6986
178
6570
579
1105
230
2889
3692
3789
6258
5375
3275
1286
6093
6738
2730
7861
4497
2263
5338
919
6296
5049
2817
5126
1711
5257
4898
5674
1510
6986
6792
743
2305
2788
1539
936
4150
7218
6695
992
4517
2652
5324
4627
1833
6571
7999
6042
193
6548
1323
6587
1201
4450
689
3128
3753
3452
7393
2972
5990
6017
2279
7271
6583
2532
6981
3304
5198
1793
3711
5278
3568
4345
4402
3643
7724
6189
3293
3139
5258
6855
5480
2961
5662
205
7541
5855
2099
6411
5183
697
7824
3722
3001
6500
373
6052
6044
7300
7590
4695
843
6400
2837
4045
3019
4855
48
5046
3403
5563
158
4254
5714
7135
536
7317
1609
6377
2990
1126
1205
6787
4610
3013
5454
7845
1343
5901
3270
1672
144
3992
3549
563
6012
7080
123
1617
5185
2686
5806
5052
3007
7619
538
3570
6008
3866
5963
1055
4443
7666
4310
6463
3490
2055
1789
7824
6591
3173
3511
2146
1775
1731
5418
4166
704
5150
1122
1455
7194
7992
1192
304
3319
4152
3780
4991
2474
1883
1837
5476
7938
2215
5228
478
7682
5085
5073
3957
5291
299
3026
2012
7174
3660
3277
1275
2200
4372
2865
857
2744
4507
1861
4450
6474
4006
3144
7337
6274
4798
5349
4707
1336
6034
2208
7560
4502
4940
4484
3619
77
5165
4164
6894
4966
7179
1129
7659
875
2505
2790
6101
7018
979
2732
3430
354
778
2004
3675
1940
5735
5682
493
2950
6318
675
1139
1451
3716
4772
5260
7888
7245
780
5578
343
2966
7484
7294
2876
3485
6462
3769
2007
7247
5689
357
3302
6777
7205
3724
2936
808
1678
2341
7483
3671
3944
6647
6504
7990
6207
5158
5732
5530
6213
7772
198
5153
3087
5387
1293
2709
798
6455
7272
1912
6485
3702
629
318
5837
2674
4510
1048
2324
7079
5566
6439
6095
4672
7022
837
790
2886
5278
1304
6036
4477
1033
5916
158
6148
3690
1818
2431
226
9
3223
3068
5570
5185
241
6017
6186
2153
3533
647
4684
3205
7133
2205
1759
7058
6415
6364
455
1919
5912
1176
5968
3875
2008
2668
2713
159
7688
6983
2692
6616
2097
7070
2343
3370
525
7486
6781
2820
2604
733
1745
657
1352
1271
1900
3711
6399
7089
5275
3453
1975
6307
2097
2046
5100
1694
3176
5572
3304
6026
2464
4549
5954
6067
1107
63
7862
6388
6533
6928
7582
5635
7314
5178
7431
5311
2523
736
768
7002
1759
598
1707
7238
4640
3790
4972
296
6270
6830
4309
1209
7516
4577
6269
5195
2702
3284
163
1836
3848
10
556
6347
3870
4340
6992
4918
2615
7788
7170
2439
4803
4302
4267
1865
2842
6716
1426
5317
3090
7566
118
7702
2618
6373
6119
2737
6909
2236
2609
7239
573
6931
3153
1749
42
3360
3367
300
4798
53
5681
6481
7659
1870
4405
3213
310
4404
2353
3985
1857
2846
6746
4282
7892
853
3728
5497
6220
4254
6009
378
5179
7931
1866
5871
1148
2517
1822
7481
3349
1126
518
3036
1885
1637
42
748
1967
2905
2426
2505
7883
6623
5381
5726
185
6871
1856
7188
7631
5869
2079
543
2044
5302
1301
7727
3
6534
2065
5792
2581
2871
636
731
2328
3709
2396
6254
810
2980
3529
3315
1827
3504
495
6556
2550
4140
5686
2277
661
2634
7850
5479
7046
7975
992
4582
335
315
745
3433
840
4634
7923
5012
5986
4650
3398
4476
4474
3602
6377
4651
2340
6764
6715
6540
4806
2744
5177
3862
848
7788
5131
7947
3020
3157
1685
2353
2717
5813
5918
495
2234
96
2475
5193
3580
3483
569
5900
742
1209
5802
5059
4256
3198
3138
281
1259
2452
7776
5591
3137
4882
2585
1051
7503
7976
1991
2829
2965
1045
1758
6660
5683
5881
2416
2243
4289
1522
2959
1322
2175
7277
3120
7638
1985
72
3690
7822
18
1403
1093
265
6037
327
5357
5352
5511
1423
5690
3604
1492
5740
2935
7697
7451
7141
7376
6374
781
895
3991
7737
7492
6453
3415
3860
1761
2947
7066
7430
4286
2168
2810
1561
7951
1493
623
5355
524
5064
4732
2866
3831
7355
7830
4434
4342
3423
187
2843
696
5315
7040
7123
5411
1356
772
7583
4911
1497
3591
2564
2357
6259
7317
7323
2929
1373
7745
5957
6518
2020
5850
3717
4162
1125
3905
137
6623
6981
7518
6338
2759
4222
6734
6970
3128
3687
4149
6595
720
1039
443
7027
1473
2168
509
5572
37
506
1504
2968
3678
2229
4325
6675
7465
3323
2961
4286
5450
635
960
5930
1978
5253
7804
6135
7525
347
4195
7242
5223
1150
5236
5479
1577
6823
2244
1993
615
6333
99
6116
5476
4550
2660
530
7896
58
7505
7805
726
7863
1144
85
78
2512
5048
4219
2364
2374
6047
7690
4310
2262
5744
2527
4992
6845
5097
642
1078
967
3671
7117
535
2843
454
5428
2593
7273
6238
7466
841
4390
6515
5360
5
5150
5400
7064
1774
6024
7628
6241
285
409
1805
3213
6805
132
3537
1050
2961
6863
6726
7758
4191
2026
7550
5235
2058
7620
1626
3091
4136
6580
6848
7920
3746
383
2521
7841
1445
6033
6867
3053
1338
5429
6832
126
1037
5240
6622
2460
3735
5187
4505
1978
5664
6757
1168
5979
5600
165
5006
2154
4397
4537
2105
1705
1560
1885
7466
6421
5610
3695
7605
4927
7995
3672
6420
6762
3194
7424
4197
4818
997
7166
7355
6948
2075
4870
2255
4989
7214
4542
2241
1279
1026
4713
6656
4800
3324
5127
6565
7151
5773
201
4850
40
5582
7577
1982
1991
336
2406
2785
6176
3968
188
1156
5231
5182
3156
7629
4690
7629
2477
7206
1068
1454
6325
3901
3282
5016
1619
3437
6067
858
5045
7044
796
2315
7315
1366
2498
2887
264
4652
4808
1756
4064
5311
838
3556
1424
7618
168
5497
1875
7522
3296
994
3781
6585
7256
3675
6700
4975
6717
6969
4718
5318
6923
1143
360
2915
5867
1789
5131
1803
7365
5824
2398
7311
5389
1014
3062
7725
3591
2000
3268
569
6983
5523
3748
7801
6533
729
2110
6822
4186
3289
5935
5838
5038
6746
6388
7695
3196
6509
1751
6378
366
72
156
5471
6595
4470
1195
6241
613
6974
1383
4716
3700
4148
6335
1400
5394
558
4381
5138
7679
6308
5616
4076
7889
4559
2273
6643
2626
3367
4529
5082
249
4890
202
6911
5366
6277
1205
2063
7533
3868
6209
5212
1905
1218
2138
889
411
4988
2300
2637
2127
4612
6699
2058
2455
4080
5581
2036
2196
2552
3615
5245
2445
4301
4467
6810
3946
7424
4033
7117
7352
2317
5604
3810
99
404
2171
6671
2421
1384
6232
5638
1067
1891
2954
3636
6190
6144
4455
1286
695
7169
7867
4980
252
963
2767
5603
4750
3328
4943
987
954
3182
3284
7809
7008
2888
1958
2051
1909
6910
7614
812
4320
5977
4177
553
1346
830
619
5801
2968
2747
6422
182
2450
623
3558
7135
5636
4567
1920
7093
4441
5244
4683
5885
6606
3145
4628
3302
4186
2403
7377
1784
7555
7054
660
2275
4786
2213
4257
3920
2708
7141
6018
6207
4759
3102
5359
6384
7330
2823
4414
5341
4989
521
4371
7075
1293
6292
1946
6201
4202
5317
1615
565
3370
4638
627
3395
7963
1282
2349
3423
310
6000
4384
5299
7226
6476
1126
3504
5786
6244
3972
1362
5988
2035
4794
7034
2683
1584
981
6493
267
6055
7718
5391
5526
5453
2836
121
2474
1963
6420
6047
473
991
5031
6989
4136
7072
7848
2816
5166
6441
415
5957
1345
252
2576
1335
7843
1593
712
6379
301
3855
3156
2254
6282
6993
7772
1773
3639
1004
1030
3822
7823
5924
889
4997
5003
5805
2897
3611
1735
6164
1327
1825
5639
1760
4046
5274
2876
1501
277
881
1250
41
5745
4618
5835
2777
707
5142
7299
6075
7177
4161
5411
4592
6134
3420
7363
5579
4331
2037
6695
5101
4643
2136
2527
1330
4614
4521
2947
2498
6896
2138
727
149
2571
7781
179
4271
7161
2225
5097
5755
4311
3660
6987
5166
4414
1047
3625
626
5910
5297
5169
6239
2185
4149
3397
3609
2090
4504
6162
4185
2194
4800
7178
5038
3434
5261
2020
6352
3241
3092
6417
2105
4940
939
789
983
3148
5360
4915
3567
896
2321
4587
1599
4968
2487
5963
6422
4383
4569
2180
2657
4063
912
3560
7511
4481
1948
1732
7152
7026
5273
5385
2818
6880
3064
1299
1245
3360
2414
460
4729
7589
2595
3289
7873
212
5578
70
946
7298
3598
1968
6671
911
3760
6042
4027
5379
1278
4501
1200
3628
5762
4541
3623
4936
1768
2719
1904
1187
4717
3062
1969
4109
5450
3067
1468
5623
3687
7298
6902
1878
785
7854
3427
3304
6713
1907
3119
5021
5272
3866
2082
5913
7260
1101
1826
6053
7666
2937
6443
2859
6166
7759
2580
536
7999
2561
3460
692
4574
6404
1692
1979
5598
7321
2842
5908
1113
318
6222
7861
7599
4882
3914
850
980
4056
4849
4349
1241
3414
5956
749
854
4043
3712
1025
5274
2891
3304
4152
6446
2427
447
6867
2174
102
314
7938
6258
3918
4939
7347
4714
6582
3259
1283
3844
1729
7556
3943
5712
7111
7450
1159
447
942
1124
1555
3609
1816
634
6222
5014
2070
1414
5172
4435
5047
6676
877
3742
4910
6091
5323
6475
6609
4035
2272
783
2429
5181
3544
3334
7361
6440
7335
2976
7287
6420
1232
6977
6759
4329
4441
3284
6716
2333
2644
5167
6087
4847
6797
3053
6678
201
801
1019
2127
2684
1838
4907
6852
771
1180
4635
5089
2887
5652
3630
2078
2195
5147
6626
5444
1900
4982
581
1649
2038
7758
4275
1390
5104
2695
5581
6383
491
4656
7160
5638
6315
848
4603
4581
4324
125
5987
3149
7806
6194
3829
4681
7014
3088
3892
7700
170
5608
4778
3218
219
7370
88
2926
5562
3516
1747
6075
3598
6251
4598
6231
6492
5991
3763
1346
544
2045
1119
1775
6995
5432
1843
3844
3928
7594
2375
2016
6803
5881
6213
2882
7878
3942
5419
6945
759
1677
7018
808
6377
7911
7550
1554
1595
5597
6188
1023
7325
2545
7156
6125
4489
3003
4222
2786
5527
4244
6997
5968
1140
7731
7271
5717
38
1716
6353
2549
572
4817
587
6866
3026
311
3397
7083
5882
288
2248
6330
1405
1352
2690
4258
6725
87
6393
4874
7719
2632
1417
4515
2679
1050
7667
6645
640
1832
1515
7879
7244
3639
451
2507
1958
289
3098
4177
7605
5139
4904
5238
1995
666
4562
7788
5041
3013
6992
7950
3323
1478
2830
5940
3400
4071
4187
1975
644
4752
6443
4049
6772
2369
7086
5766
901
182
2300
6435
4989
2215
5269
2580
5727
4179
2520
2013
4488
7879
1604
5627
2840
1565
4555
5766
808
2510
7107
5886
4102
1123
3533
2853
6695
855
6465
7625
1580
6795
6886
4858
712
556
2961
1108
4209
250
212
7221
1551
2173
5487
764
3147
816
1208
5207
5813
1320
4958
6390
1075
4413
2333
3866
6681
2416
3884
4871
5713
2894
433
5693
992
4746
4914
2283
6603
3447
1557
558
2298
7886
4335
1928
3635
2768
7705
5879
7646
1257
1812
259
1837
495
3783
4299
6223
7095
2426
1792
4365
3340
1507
6656
1740
7793
7771
6401
3901
6924
6604
2365
7763
4399
4092
1188
78
404
230
3912
2710
6004
5225
4455
1082
173
3855
497
963
615
4060
7508
1021
7764
4192
6957
6378
5678
188
3842
2996
1303
1977
721
2653
7446
496
5437
4403
2594
4220
5818
6865
6513
7081
6361
6115
5052
5574
1567
3938
7274
5438
3286
2863
7096
1344
7999
207
5134
2809
2399
216
4388
915
1407
4027
4503
1802
1636
7676
6418
4094
6368
4394
6242
642
2507
682
5831
841
1326
104
6621
7903
3722
3865
6691
5858
3557
6101
497
5229
7268
7784
1820
5601
2477
5598
5674
2334
1612
3250
3937
1890
5519
3180
7069
6891
4621
6453
6836
7316
2376
4293
1483
2295
1595
4484
5193
5541
5335
6645
6244
3534
7178
1188
4826
6583
2573
641
6165
4909
3007
3497
7229
6076
4166
4730
2384
541
4795
7799
1236
5103
7265
1181
2853
2975
6301
7525
4005
5992
404
133
4998
2967
5005
403
2711
4331
6354
485
4318
3979
287
1927
4309
6879
5063
3407
6128
4864
2100
4651
745
5536
5408
1141
4269
5997
6335
1850
282
3048
4635
172
4504
2874
6498
4261
1070
3762
2018
6053
2187
4310
3481
5256
4815
5338
4871
3974
5911
2894
1396
7140
3892
3753
7387
7461
5559
3863
4134
4713
5995
4503
203
1270
7344
114
5422
1434
380
801
2336
2366
2846
4047
2463
4435
2055
151
4325
6930
1125
2360
3939
5387
1651
5494
4280
751
3486
7037
6702
5206
7628
5304
57
5684
4106
2211
5912
4700
7916
3437
3594
5109
558
7030
4294
7845
1289
2952
5406
5407
7538
5203
3588
3635
564
2815
7618
1849
3834
4670
5948
1342
2098
5129
2737
5541
3989
4779
328
7844
2238
7624
7014
5688
6766
6829
4829
2620
1199
4434
7462
534
1631
1294
5668
2424
1716
4421
5120
1290
2592
4062
866
3245
5488
2251
3010
3428
4292
6753
3855
4509
2623
5561
3168
7913
6188
5899
4868
1734
5986
4998
650
7399
5207
5413
7711
804
7460
313
3824
7568
7659
7037
5252
6176
6758
3769
199
4515
3819
1401
6327
2446
579
2953
5910
4069
6125
5755
4235
3817
7552
3385
3304
5594
3412
1467
6038
75
2539
2206
3967
3979
2929
4287
4849
3585
309
4992
1155
2419
5699
353
5914
4584
6670
6204
6820
2254
7503
3641
2678
1705
4077
7
15
4273
3733
7657
2764
5291
5731
124
1975
1612
5433
2348
7517
4291
6103
2324
3760
1133
4600
1816
6117
7199
5470
6719
6923
5208
2647
3783
571
6897
7528
2262
7902
2921
4272
575
7852
651
2228
3863
4688
5575
6378
4302
7151
4322
6687
2528
4151
5178
7881
1544
5104
2261
1889
816
6802
5013
733
5556
2643
1947
7553
3077
2084
3171
2445
4595
19
5527
2471
3108
6905
736
5127
542
820
1168
7568
2601
6521
118
7632
3392
7016
5983
5157
5640
1032
3456
1772
2839
7917
4672
1220
2741
6022
3300
2218
3980
1876
2091
2508
6623
2707
4772
2639
4368
5134
1347
7995
5634
5444
6132
7034
2524
2315
4160
4061
4100
6013
4805
3562
4563
3754
7631
3191
2232
7516
2386
2520
5519
6950
3588
725
4429
5610
1008
685
2243
3343
789
506
7684
3460
4138
5395
1785
5637
6695
425
1861
7239
6117
5966
5070
6529
5945
2869
3075
1581
406
4852
2747
6827
2476
6684
1856
5407
2605
4914
1306
3475
1817
756
5224
4298
3878
1102
7616
2236
1406
4595
821
1960
658
6280
832
5621
3654
5899
7664
6139
5609
662
2936
3937
5758
857
984
5454
3538
4378
3031
1780
7118
6386
5421
5361
741
772
2650
4842
3252
838
175
3811
4030
787
6169
4195
5851
4234
1752
4705
5249
3167
5865
1154
5819
1287
6540
3021
118
2161
6698
5027
1564
7040
2841
2272
858
3471
4879
2882
3249
2822
2886
4770
487
7125
7906
4970
2687
4788
7602
7303
2625
6325
4530
3951
520
4267
7541
7454
2231
7629
4724
1091
2140
3147
2247
4989
5945
3896
3337
2379
7354
6870
1456
2427
280
1095
667
6694
1381
1569
333
3329
2558
7394
2402
3238
2510
6890
1752
4591
3930
5425
650
3619
6097
1795
2630
5340
4878
2916
7024
6791
1451
5222
7948
3754
4868
2102
3670
7425
3599
846
6073
661
7296
1395
6532
2745
744
7008
2479
7055
2144
6746
6449
1929
6219
5837
4330
6485
6464
3326
1816
6464
2544
1541
1878
5336
7445
6648
6369
407
3219
2326
991
3083
7352
7988
4322
4702
3263
7884
4596
5869
437
7969
4646
2704
6773
6019
5534
7031
5771
5184
960
272
7030
7608
6117
5754
7516
1196
3300
2096
638
2071
3836
7817
5755
3366
2576
6231
1514
7628
3222
6580
6730
3946
6027
2575
4895
7173
6563
1425
1113
7338
2635
6034
1366
718
4052
7744
1871
6568
5185
2067
4584
2500
5230
6365
4132
4829
4949
3406
3443
7303
5516
6143
1962
2380
1542
3084
1580
3541
859
343
2632
1874
982
1299
7435
5801
6451
5036
7313
2832
4359
2946
2443
1155
1996
4230
6715
7661
6442
66
2224
3156
5982
1809
1822
4492
4072
6985
7176
968
6163
6329
5709
4842
7434
2709
1517
3930
6930
6331
6377
7912
4092
611
2943
2570
3700
807
384
5312
4368
1919
5099
793
6118
7476
3892
7172
7477
2943
1729
7465
5860
6345
4668
6029
5237
5601
1720
7286
2712
2785
731
111
1688
2311
7063
5371
6866
7251
792
3264
6601
1864
4600
4244
1230
4915
6723
7957
6817
2344
4452
3987
4602
6911
2052
5747
3942
4913
5333
6098
7086
1097
2599
1582
1188
4987
7104
3807
412
6521
306
226
2150
6464
864
3996
1745
424
4799
321
6877
1763
469
368
6332
4743
3509
2776
258
1316
1428
1952
1918
2693
4178
5503
7264
3017
3055
4242
5811
2916
7544
295
2038
4226
1836
6137
6047
6056
4001
3517
114
5012
7221
5323
627
2231
3250
4444
1478
4327
3548
7096
5092
6354
6307
7457
2285
3360
4731
6727
5368
556
2509
3961
2218
173
6329
2105
2907
5371
4729
2202
5314
5911
1837
4906
3472
6855
4875
5033
7766
6611
2763
1484
7368
448
3203
3683
5918
2379
3851
2686
1324
5273
6148
7557
2502
3259
3104
454
3901
1144
1536
4107
7597
1345
1781
7181
4516
1401
3984
3430
6485
7697
6961
6756
5793
1025
4592
1770
4970
2646
4187
527
1519
2043
878
40
7762
2280
2403
212
3750
4421
1132
6621
5074
6655
1886
6023
6666
4022
7166
4516
6394
421
4201
1626
6312
7391
1764
1477
6667
1334
3483
1254
4957
1008
2588
5554
467
1740
7418
2236
6998
3772
7679
2063
6565
339
1682
7137
7138
6569
3103
948
3479
7670
2133
1097
5842
7251
1728
370
516
926
1545
2416
938
7877
1664
4065
4067
4332
5555
4926
4603
4930
5518
2621
741
2137
3061
5972
5709
2626
2338
97
6231
2535
5775
5287
6875
1490
7711
1215
12
7048
1720
6071
2227
5263
1125
6687
6675
5616
3070
2806
1013
6176
4344
6549
2151
7511
356
3704
4189
3755
2660
5889
6588
1447
4185
6402
2102
4376
5190
2576
4620
4339
4914
5555
3209
7447
394
3478
1012
4373
7297
93
7556
7532
7083
54
6190
7225
3135
7363
1134
4007
5026
4256
4387
3830
7483
779
1078
2722
4585
2298
425
493
6185
4673
1262
6789
3339
2704
7117
4877
2692
7816
4458
2567
6333
7056
2364
4130
212
2876
1240
5826
1442
613
7313
657
1167
7378
7963
7614
2400
6289
7788
4998
7667
7063
1346
2409
6791
7400
3885
431
246
4256
1314
5210
7798
1820
5497
427
6415
4947
2510
1708
1057
2599
7050
5571
5360
605
5622
3960
2740
7502
2477
4402
27
7459
2899
7269
5709
7954
5338
811
6990
809
5579
5185
7298
2103
858
7346
1880
7536
1199
5452
3779
6079
3940
5068
12
3774
5049
6186
1778
7924
5690
744
1778
4912
5182
338
6921
6227
2717
6461
7608
1699
2717
248
5019
1865
6273
3256
7746
6275
2080
3204
6302
5025
622
1947
3519
5830
7257
1935
2904
7152
7032
7065
3119
4835
3406
2385
4921
519
425
3652
4818
2737
5843
2080
3362
3692
48
6147
5501
1792
6439
3502
5844
2486
2441
4753
4290
3234
4819
1090
6970
782
3556
455
2666
3651
5129
184
6458
3887
6335
7227
5850
6427
6385
3565
7181
6541
6585
7826
5781
1110
4433
1111
713
3529
1220
632
2393
6653
6095
1686
3699
7335
4682
4035
7181
5387
7414
7710
6563
7864
7688
1614
3457
7211
5652
7417
4100
6876
5572
5748
4649
4992
3308
5860
4349
2445
7742
7136
2430
4496
5790
7805
5791
4648
3527
6515
1744
2350
4383
1793
7127
6875
1263
5917
1421
2819
5653
1502
5877
1803
4532
3517
1081
347
5037
6707
4026
6821
7686
4736
5645
278
5279
2067
2073
7883
3822
6809
3684
7137
5673
1750
2492
3778
6620
5774
3728
5390
4439
1529
4791
6240
1259
627
7963
2273
6723
5443
7611
4820
2488
2922
2663
7647
4147
6849
1595
7196
3843
1537
6996
6844
5817
6739
4129
2782
1024
5302
1726
7263
2978
6635
2382
6157
7944
7405
7018
4651
2103
7800
1159
6378
7198
6863
4649
2750
7087
2844
7630
7771
4178
4532
1547
2901
2533
5946
422
2520
4498
5181
1248
1421
3717
347
1842
3852
539
4506
7702
4741
7830
4944
5093
4043
377
617
7646
6954
2089
1379
3695
6180
5671
1955
3085
6445
5088
7480
3623
1998
6983
4498
153
4922
6551
7738
2661
6850
5021
796
2210
2580
3141
2889
7940
7234
7439
5503
2524
1915
6299
1468
430
3118
1485
3068
3749
1762
5262
3396
6764
1059
882
5704
5758
3331
4790
170
5492
639
5956
796
1932
1293
7168
1114
3038
2782
2014
3850
7006
7585
4956
1708
3698
5515
4068
5034
3436
3482
3989
899
1587
1624
2032
1151
1698
5437
5131
4609
2443
7268
10
1885
3959
5503
7535
7136
3949
371
29
966
7748
1411
4389
7179
4102
7173
2005
242
7263
7755
4734
2009
4649
5057
7208
307
7261
6017
7416
5601
5651
5404
1407
7738
7574
3071
5749
6195
5980
4931
1085
3065
3453
3022
1150
175
5235
2853
5049
2524
3431
4888
5345
2687
2534
6001
5235
6901
6294
7227
7875
5932
955
2428
3314
2343
4
4651
7604
1030
1424
3810
2261
2331
6670
1668
6556
1627
3906
7032
3072
4407
968
4891
2170
763
59
6719
5204
1572
5836
6847
7900
6753
5055
3152
2110
1024
7707
6807
171
583
3248
4018
1100
7621
2626
3014
4016
865
7444
3607
2995
7261
4154
3467
4964
4063
257
2551
2284
1284
7447
6031
3194
2576
3909
3508
5275
3518
7558
5531
1919
5098
6861
2489
1159
4949
3791
2548
6136
5045
2703
4338
2127
2228
3852
638
2598
1588
6188
6046
767
5156
4523
6886
1136
5216
823
6523
3711
7118
5738
498
1307
1913
1688
5896
400
1665
2308
14
272
5709
4415
5239
6581
3108
3904
966
6724
3270
909
3687
5329
1511
4764
4763
575
7974
1352
3943
4126
5268
6837
7017
7306
2204
3030
214
539
5955
238
933
7280
6174
5774
3058
740
7283
304
6027
1312
7856
7798
440
6208
2050
3168
7796
5149
4924
5320
425
312
6364
3887
3003
6871
5397
5932
4377
78
3689
426
769
3032
7975
4407
7155
3736
1706
4023
1292
7669
3324
2630
4269
5469
6396
809
5255
7035
3234
3065
3614
634
7812
621
915
2286
2770
4186
3342
1351
3927
5949
5622
7429
7029
5408
6232
5643
4013
4060
3442
901
4028
755
4987
3734
7618
5534
475
4588
676
5341
4844
624
4812
134
3219
7354
3492
4869
965
5520
680
7940
3742
5375
5008
4840
6439
987
2576
7612
3022
7173
7622
2713
4606
7057
3633
5181
2668
5236
3710
6754
674
6586
1105
4998
2617
6895
2188
6878
2151
7143
3095
5922
221
4087
5013
7612
6725
2777
7094
7488
2012
1063
2319
5670
1001
2098
3528
4162
3720
6310
2201
3728
1809
1926
7265
5155
4269
9
2222
7544
6798
3697
5461
3878
4078
1700
2491
518
2043
4020
6455
7890
6141
4222
4741
7610
4267
3435
3997
518
3366
6026
3157
3840
4942
7366
4112
6295
4822
7857
3343
6716
555
7549
689
6315
3602
6440
1591
7300
7607
3009
2118
7699
7855
2310
5587
5587
5184
7654
888
833
4012
1703
4178
772
539
1620
6935
4712
5588
4196
3696
2185
677
7738
7334
6592
3533
6426
4008
5826
1843
4696
911
357
3907
3457
3985
2632
1779
6524
1110
5167
6969
2509
2703
6851
3371
7916
5775
1982
7505
4879
1712
3411
7313
7933
7022
116
2975
6995
2054
6758
3646
3061
6990
7316
792
3820
4865
5081
5635
4303
2933
7063
3085
6529
3216
6167
5034
483
3220
3616
651
2025
6321
4963
2983
5500
1043
3974
4435
3868
7656
2784
4470
2352
1520
3908
3519
3387
6059
7550
3051
693
4347
3201
1946
2649
325
784
4717
854
3081
2492
3774
6437
6107
1621
4739
2026
4332
3292
2777
891
646
1766
4647
149
2592
733
5009
7308
2648
1647
2423
3669
565
7957
5678
3120
3017
333
5174
259
7256
3580
786
5163
7009
6033
4244
7898
7168
1492
7054
2766
4773
2159
46
2580
6554
1797
56
7592
3775
5408
6205
1434
68
104
5871
6149
3942
1619
7009
3998
6117
2518
1634
5065
979
7483
1139
4559
4488
5110
139
1156
2592
7657
6896
6405
7911
3098
4565
1219
277
5582
4483
1848
5375
7352
5094
6904
161
6095
3956
5548
2483
3055
4648
2254
525
2980
1600
7070
658
3497
3103
6665
5269
5049
6841
411
1208
7465
6238
844
5053
5789
3721
535
6034
7786
7690
1627
2389
2234
4398
6392
1153
2591
6673
7537
3008
4641
5880
4930
1497
5495
561
4779
2478
5818
4578
325
511
4683
5696
695
7857
3111
494
4693
7333
4112
4220
739
3289
7973
4681
6423
7099
4710
5511
2677
6375
7304
5403
4566
1585
1308
7346
7558
5227
6942
6057
216
3207
7365
1116
5705
4537
3702
6535
6041
2096
1979
203
6895
421
5141
1640
1524
813
2138
5680
5767
306
1901
1950
1206
7280
1130
7110
6548
3764
936
7466
391
6055
4003
5531
3924
6857
6975
1886
3397
6174
7469
580
4396
7101
6507
4144
4444
7667
5822
6744
3089
1261
289
7909
1306
5415
7909
6425
3406
4592
7987
2277
1160
2512
7811
839
4418
7609
5715
2666
1838
252
2283
7592
837
1320
5553
2105
772
4986
2666
6881
5942
2191
4377
7129
5765
4094
4225
6509
6947
549
6479
6804
6187
5192
7420
1883
7289
5667
7726
4834
1951
3155
4906
2837
6978
697
7072
7985
7861
5804
5653
6420
1925
1105
4335
6969
6135
682
3074
323
3383
7206
3719
1288
1772
3478
1404
3644
1900
3670
2816
3105
5259
5831
4929
2786
5285
1540
150
5068
5021
4240
6648
1143
2896
58
4878
5082
857
451
3747
6606
2593
7402
1450
2745
7436
3617
1064
3500
7292
3427
6085
4191
2988
2547
1160
4094
4175
1549
1683
4595
531
6006
3301
7143
558
2575
6392
1714
6599
4322
2787
1448
7922
4209
512
5857
4380
2184
3349
1668
476
4650
5775
1594
6154
2456
6155
348
6898
784
906
7308
6767
7152
6075
4586
4100
2307
2187
4860
5225
7349
4901
2970
639
4637
4269
6778
2035
3303
7713
1991
6199
15
4119
3881
230
1707
989
6101
4420
6043
2816
5814
3416
3479
2680
770
6133
3925
1756
2073
7997
6488
4443
1126
7749
2805
954
1517
6187
7376
6313
3594
1070
6914
1108
6752
3032
2194
4356
2393
1317
4085
439
7181
4533
7086
7554
5160
1956
3498
645
6110
1546
5640
1994
7710
3572
2993
4132
5425
752
7472
7913
5044
7730
7221
4743
4501
2370
3928
5737
3939
7568
7362
755
3911
6048
5261
4592
662
3251
3794
7561
2688
6731
202
2048
3430
4920
1398
3180
39
6061
6931
1641
1845
4171
3395
7451
5312
2342
3052
2789
6027
5761
4705
6541
2183
4884
6083
1661
6310
6400
3469
2174
4958
7910
5225
6312
7527
5173
1313
7581
972
747
5697
5877
637
5721
6909
7739
2653
5810
7279
6320
198
1004
1533
4926
2026
1660
7864
6545
6837
7736
4869
1638
2592
4757
4682
1934
6946
5082
7923
139
1029
3471
1817
5279
64
6827
5904
4462
5974
6343
7008
500
7120
5149
1975
3953
6377
298
4286
5867
5309
2767
743
1235
3878
4058
3285
3880
1038
4974
793
5570
5886
7140
5290
4726
7186
4253
4862
3198
3756
3402
570
493
728
4368
2518
5442
2781
729
3557
6647
796
2056
2830
6261
2727
581
1401
4005
3541
2024
3423
1000
5549
1438
2614
7980
7858
5249
4766
2124
3435
1088
2111
1907
2196
250
507
7509
1540
5842
1098
309
1417
2145
4774
3830
4310
7029
1998
6605
2851
857
7657
1731
7978
7570
2944
7289
1754
2537
5584
5532
3962
1432
3212
7708
7944
923
4065
2477
73
1891
2464
5698
925
3113
7582
3404
4664
6783
3669
829
3250
6161
7272
2578
1431
379
1928
2625
5305
1217
5755
7002
258
3566
4347
7984
6933
5066
3885
3387
2963
7520
6531
960
6392
1958
806
4865
7988
7539
2625
2970
6868
4755
2281
5800
2160
634
6276
7565
6994
1439
5171
6855
4136
3462
5440
5359
6766
7597
4471
7597
2897
282
5865
3729
7630
6312
4185
7472
7572
5062
2637
5766
6592
2784
134
3503
1284
6546
5824
6299
6789
4320
4392
1524
2348
7675
4824
2930
4517
3447
6099
391
3068
3027
72
6585
6889
6552
6170
3848
4448
6804
7992
1932
6802
7405
263
1351
3327
1937
4074
219
1772
6172
808
6577
3890
4340
1380
7954
1487
1255
2955
4125
6963
2245
2697
3564
2711
1549
4613
2732
375
1975
1850
7985
4327
2459
2722
2943
7411
3472
7603
2580
7372
5880
6618
4896
2219
1494
2695
2548
5171
6216
2360
3193
3848
3867
2969
4556
4707
4699
6639
1777
5323
1342
7843
7796
4321
823
2250
1430
1618
6437
542
6015
1651
374
4752
1083
3627
5801
1345
1217
6853
2064
5561
2159
7615
6657
4136
459
7490
6166
6235
2711
4832
5825
5256
6030
6036
6821
574
1395
7244
1265
930
6733
5673
4345
1541
3473
7114
1886
928
6906
3354
5422
2924
3258
3781
5683
181
5664
4687
1790
1939
3451
201
5831
1182
3826
3118
6722
3046
4805
5226
7949
1972
5588
1134
6827
4486
3270
5116
662
1345
5604
5237
7329
7356
7410
2901
1997
2249
353
6640
2910
4708
5453
7325
5478
6532
7841
3162
5714
355
392
6839
4123
1680
3405
3449
5335
2124
4954
1197
4911
548
4024
445
4334
6213
872
6474
1772
925
1120
4473
2693
6165
2315
3241
4518
6262
3655
295
4644
107
7401
306
953
6764
1114
5648
3951
3960
5565
7873
5295
7155
1729
2362
683
5008
2991
7265
5659
1367
1390
4789
7234
3919
4146
5958
7364
163
6931
7073
6469
4659
4552
4803
1146
3718
7492
5570
5099
3223
2522
5811
3360
1247
7178
3537
4435
7952
2558
7510
3271
4390
2635
3276
6717
2611
1072
5034
2618
3156
6284
3788
5029
6492
1403
636
2603
4926
1216
4965
5516
5421
2165
2435
6845
3578
1429
5987
4740
608
1522
7412
5605
7420
3801
2078
2023
1275
6085
6535
2645
2457
2951
1942
4939
6734
782
4867
7843
6542
934
7509
6736
5593
1993
5850
2224
200
4431
3139
1182
3084
293
2009
1634
6871
6183
5608
2690
7324
6612
1327
6840
2680
2319
3058
2469
222
5495
111
2795
4561
6143
6198
7674
2012
675
11
5427
5951
7854
1822
4844
2946
5352
7561
2164
942
308
6068
550
3173
2177
518
7929
7606
669
4055
3274
6934
3380
2001
2705
4320
343
4621
4940
2094
2334
7621
6195
6171
181
4738
7470
4790
4483
3893
5328
2757
894
1526
7914
7427
7560
7621
2383
5624
6269
67
1343
4620
4737
6492
2570
5852
7117
524
2603
731
2620
69
6607
686
7872
2379
2992
5438
1048
3138
3123
4775
6727
516
6040
1853
2087
3277
4759
721
2237
7315
3825
2266
6278
1575
1434
1688
2167
1617
5672
3958
1290
4596
137
824
2919
7227
7555
5181
4629
4944
4576
3130
4944
4567
5893
4220
452
716
3765
3839
3764
1881
6493
3304
4244
4341
2408
6296
944
1303
3271
7430
5466
7164
3485
2130
379
5216
6934
2859
3722
7578
4091
5292
2739
694
5322
1711
3681
5214
1236
1450
5852
1833
194
7408
6103
4832
4579
6577
4819
1258
4236
3325
1673
5146
5664
5779
1082
3763
3840
3235
1782
906
117
4185
5789
1201
565
3549
7018
696
2614
3730
66
1820
1578
3632
6970
4076
4027
3547
636
356
6039
2464
3341
766
3619
5592
3030
7543
629
7918
1373
6000
7668
4946
1716
4008
1619
4901
4266
1030
7558
4123
6643
506
3259
7853
3567
2031
6808
5006
7736
293
2599
1425
2866
5652
843
5023
5581
2972
519
7475
67
2696
2356
2065
2151
4632
1916
2961
2457
7125
7280
7606
798
1916
3820
2835
5506
3765
2024
999
734
3623
182
1080
3401
6243
2079
4063
3164
4595
7319
1294
510
83
4055
3947
6150
1193
5701
6935
114
3847
2549
611
1013
2993
627
949
1832
6008
7516
1816
947
7520
6741
4444
2513
1276
6664
3908
2552
5853
7796
5861
7805
5985
7095
714
5860
7873
4685
4313
6063
3089
884
4886
1074
7571
66
407
5615
1129
2230
5156
5078
5503
346
990
1341
7611
1433
4873
2528
1793
4383
2261
4050
4687
805
3027
3898
7912
3089
1958
1323
3203
3752
5858
6636
1855
3370
2942
1209
6256
6292
1423
3622
2640
783
2301
5639
6104
7373
6249
6439
7811
1784
4270
6706
6622
835
4386
6765
5039
4509
5703
6040
272
3832
1874
1751
2488
2354
7486
4240
6491
3663
4272
3501
2960
6639
1410
3903
6504
5388
5793
538
4839
3518
1511
1419
7482
7152
13
1019
6983
4176
4170
1746
588
3382
3350
6808
6908
550
3150
3749
7887
2008
7948
4148
5512
769
3746
7983
7425
482
261
7650
6716
5164
1201
4753
2320
455
2269
3336
2341
6467
5257
2314
7492
2525
2912
7577
3288
2602
4995
5953
2237
2043
651
2830
3570
5363
3906
6712
3406
30
1593
6500
3915
4519
3030
3424
2181
6597
4487
6452
6281
7814
1408
1420
4751
5634
4655
2986
5857
4168
4694
4823
3487
2307
5413
4672
4513
6370
1182
4957
4548
3556
7930
2310
4873
6756
6399
2972
7495
7487
5395
4691
6114
6542
7672
2423
634
7231
6078
5936
707
920
855
7237
3335
4769
3012
1607
7106
6357
6911
3811
5414
7529
1903
2724
7884
7098
4546
5995
7234
1682
3491
6369
6772
3
6708
4945
2634
2989
4038
5282
291
3246
4249
3628
2700
692
6974
104
3743
4791
3865
1137
576
1584
7276
6584
4638
4947
2538
1536
2684
83
6701
7025
5428
2486
464
3332
6060
6067
6973
4116
2319
1628
3519
2167
3280
6274
24
7191
123
4442
2251
2443
5817
2354
5792
5188
726
124
306
5686
451
2501
2597
207
4545
5224
6200
213
228
3642
2043
5676
5818
7748
6817
6947
6064
5109
3304
6363
4923
3347
1413
6242
5832
4258
1208
3074
4694
3276
2606
5936
5760
1286
3665
7818
7031
3311
5622
6056
74
7811
6963
4481
2399
4575
4624
6068
3536
6844
7123
3617
4819
1942
763
5103
1087
4355
2375
287
4016
3126
3519
4952
1035
4106
7915
4532
4082
6999
7916
2752
7486
5247
6289
5112
4384
4932
3843
1256
7633
3139
7537
5849
4152
6989
1116
3818
522
6562
6730
2675
936
5334
2040
4948
4291
2010
3445
6292
4660
92
1985
4537
6927
4370
4130
7572
3653
3651
719
4155
512
1118
653
876
3588
5669
799
2045
2989
4096
4009
5520
268
5241
1816
2151
3207
1340
820
2373
1486
5550
4596
7541
1154
3000
6922
7782
2859
1544
164
4871
5842
2575
2163
7818
4680
1164
1359
6622
1211
1400
3302
563
4082
4464
4268
1686
2554
1978
4364
2312
2830
6346
2668
2961
4521
1112
7721
588
6747
1016
7186
1444
3932
7138
7678
5693
3077
1998
5471
2043
7981
2198
1161
86
2248
4033
3458
4690
6731
5235
5228
880
5180
5851
2040
7496
7906
7201
3296
3568
1442
770
7874
195
2214
1857
4630
4944
4786
6575
6609
555
4507
2321
2331
632
5184
2582
713
488
5653
3031
1857
1511
3788
6305
4264
6080
5098
181
5786
3875
6701
1902
600
7210
2323
966
5872
390
7402
6514
7903
155
6626
4672
4373
2859
3520
1407
2311
5324
6488
2807
5914
6410
6913
6363
4406
3908
5593
6550
7846
4604
789
2733
1854
2604
1720
3120
6309
4218
4710
322
1086
7138
3128
1701
2885
7115
1931
1405
2560
3690
5870
461
5387
3893
3987
2189
297
3960
4559
1963
2797
852
6668
3298
7365
3893
2818
1768
1138
399
3098
6093
614
6165
1721
6776
3282
5211
3477
5291
1977
4187
3989
4155
6734
328
5346
5960
6617
7530
2823
2348
7658
2746
5525
233
469
7829
2336
6992
4296
162
266
2160
591
7777
7846
7221
2172
5211
6907
3085
482
7267
7986
6609
4862
2512
4564
7037
6546
4858
3151
1608
5576
749
6434
5868
640
1488
6306
3453
2875
4485
994
1814
3920
1829
3564
6957
481
6125
3788
1405
623
7737
1866
390
2759
6915
3371
5957
3264
3298
445
7438
5011
6658
4583
7841
1342
1978
6580
684
6905
3453
210
3997
6273
6172
2688
3032
6948
5607
6556
421
1070
1745
985
5839
6883
6043
3108
1724
6116
349
189
7577
4040
1556
4802
5262
5245
3722
5614
6502
7544
3104
2500
5169
7526
5868
2117
4587
4226
338
7008
5656
4741
23
6368
3265
5672
6744
957
3299
6870
4855
2567
6555
3263
633
7957
4716
1369
5425
5787
3225
7993
54
877
5966
7245
3815
6312
1014
3925
6520
5498
5778
1340
2532
2835
4016
3188
1537
7589
6500
2765
2314
7631
2688
536
3944
1906
6893
5911
5401
3218
6800
2551
3782
5663
4687
7146
401
4019
1857
432
7942
7373
350
7357
4789
5215
731
5797
3941
1527
7831
5836
7286
460
5678
422
6188
5429
3301
1909
7418
3103
6524
3302
6697
3227
5558
4868
6148
4869
2786
5518
5732
6068
2822
2940
7281
3330
3747
6729
1174
1096
1970
3873
3386
964
3264
3321
7985
4264
958
2972
718
7948
1014
4839
849
5048
660
1562
7657
3862
7649
7072
6741
2313
104
1218
5638
2737
1141
2857
1682
4571
734
6322
1132
2650
7915
5732
7962
2236
4883
1883
3910
7814
4799
5783
5053
5982
2091
2233
2670
2185
7072
5311
1446
2898
5132
1073
860
2046
5683
5248
3123
6101
1290
4146
7214
2692
3707
6199
5132
2928
1599
5420
6979
5765
3161
6926
5513
2320
4164
7655
646
6908
186
7497
5499
3422
4875
6233
5517
6841
4871
5916
4552
7634
6760
5808
6524
653
6569
2361
2275
3891
5100
7742
585
1651
6331
3681
7736
6205
3559
6540
5881
6027
4601
4215
5914
1793
6646
3791
5816
5473
681
6291
6056
3682
867
7344
7005
5352
402
4860
3751
1802
5380
4754
1807
444
6911
3848
5091
1194
6496
7312
3282
6331
35
6525
3033
2545
7894
4731
2006
2778
4545
4802
3210
6809
1686
4902
783
6986
4675
2384
5803
6698
2789
4079
647
7847
2407
5470
2881
2798
6700
4622
6976
1369
3008
7724
3647
2342
4311
4460
5458
3671
2854
972
5257
578
1544
2998
6758
2009
3065
6104
4518
4112
1509
4584
3542
3955
5877
3185
137
2424
1849
7207
4078
7922
5825
1841
3800
1961
1254
6440
2675
215
4925
2131
3843
1816
6821
69
6303
7408
6711
872
7733
596
104
2864
7860
6424
4181
7692
4464
1125
4322
3033
1821
3646
4894
5334
2752
7703
7197
4796
754
4624
3428
4302
7186
7377
740
1726
5134
5808
4882
728
3712
977
7474
3482
7817
2961
1981
5376
5780
1562
1975
1549
3893
1892
310
196
4922
1486
5316
6600
210
1915
118
3108
5167
3802
3677
482
5683
2455
2557
6656
4243
3593
7321
844
4172
1411
5517
7791
5722
1821
7015
7191
2648
1879
409
5294
7067
543
4804
3647
492
6282
518
1797
859
4365
6315
4015
7284
1498
7693
3325
7004
3319
5306
299
2570
7465
4024
3510
3969
5524
877
6389
2899
926
460
3287
3393
6382
1415
5139
5650
6910
6163
5960
3075
5523
7985
7806
3096
1501
507
4223
2128
3690
187
7329
4573
109
2723
7601
4518
1294
7677
2967
5404
2128
6897
7932
3905
3027
622
901
82
2553
5674
94
5155
7345
5223
5046
7480
4218
413
2467
5017
4654
4261
7209
739
1130
6714
3283
3659
1813
620
4356
7232
3196
555
946
6626
52
3901
69
879
7606
4141
7574
6015
92
2173
5227
2886
5676
121
300
880
5210
5949
750
5867
7687
7193
2774
4313
5339
5241
6268
1932
1318
861
1959
6789
4277
6420
7427
316
343
1587
5411
513
4686
1194
646
6956
1486
397
5982
1692
320
3475
2022
5246
7805
3078
6938
858
1126
3755
3540
2364
5872
5642
4697
7231
214
6438
6608
7256
693
7984
536
3622
538
237
1181
6493
6547
3818
2827
4942
7259
4575
1612
5842
6838
4713
6984
1198
7481
6569
7190
4588
6047
3046
2640
7043
4497
1414
6742
3047
1788
6726
999
335
2939
6400
4707
7568
1897
444
2311
5308
928
6598
3105
1296
4030
6854
393
3501
7454
5409
7774
2124
793
3948
5575
5491
5596
2138
1996
5132
5075
7779
3153
532
3576
1276
2903
438
5
7416
7301
7036
4257
1882
3659
7448
7941
1343
3012
5642
1021
3241
3593
4378
6951
6875
7542
6990
825
7215
1971
7759
6448
5178
232
1149
3445
2572
5720
2754
3951
7955
3495
38
6108
737
5866
6910
289
6126
5550
4252
7125
4354
4111
1834
4186
6774
1580
4701
1733
3912
7613
789
5444
7542
588
7078
1650
2510
4003
5369
3623
258
1690
1066
7745
3554
6270
6214
1008
631
6700
2698
1665
5718
633
2093
1067
6397
4963
4670
991
1018
1020
38
341
2705
2593
6565
148
6788
5260
5779
2123
181
629
6867
2664
3045
2089
631
503
3366
3693
1101
5212
4914
7124
7726
6908
6495
6011
3252
5546
7333
4377
2605
7237
1651
724
5039
961
7705
6065
2220
3370
921
575
1484
5089
1766
7429
6022
4308
4331
4166
5625
5325
7918
2826
3427
3581
2866
7656
1653
777
2008
232
2789
3803
6023
7629
1012
2321
5049
7669
798
5300
1473
5731
4290
4339
5640
2637
5142
7065
7989
6943
1215
3166
6752
5279
7318
6824
5297
1457
6094
48
4412
1442
1361
688
5785
5680
7065
2136
6416
3700
7259
4662
3367
324
3852
2187
6535
7087
5941
229
2514
2588
787
3065
7017
7623
5051
744
311
2188
5024
3591
1574
750
888
30
4369
3602
6553
7959
3572
3005
649
4288
7683
4553
7798
6427
1426
5130
289
6209
3516
5865
5533
1823
655
6296
1671
6162
628
6320
1825
4228
6676
3667
3087
2617
7435
3822
5818
2933
534
5981
4656
7509
1939
4499
3381
2464
7824
6624
7317
3180
1898
6814
75
3709
3217
7064
7375
6072
1930
391
7331
5252
1179
4420
5611
4016
1466
5181
6991
5604
7312
5355
5675
5534
1209
6023
7884
4155
2914
7207
6338
2004
7002
6644
2329
7862
3592
7377
7400
371
4447
7745
1002
142
6650
7404
6330
5518
6888
7365
998
2643
7632
1713
3868
4543
1139
2540
2499
5193
7179
3219
3158
2723
2053
5326
6249
2534
2090
5749
423
2088
5780
6620
1156
7566
4353
5532
6883
1804
7693
2366
5266
3549
6208
3695
2372
5289
2776
5786
6722
1051
4878
2207
1191
1227
4587
6278
6089
1324
1155
3795
3427
1139
6942
6910
4862
1011
556
4302
189
3607
3657
694
5499
4813
5952
7609
4514
6358
2954
959
7758
4304
7027
7372
5209
3573
5429
7929
2978
6074
7442
5559
649
3898
6938
4127
4606
7298
6832
1360
4733
6473
5596
3114
5394
4183
4707
4377
3274
4978
1764
7731
6369
195
4036
7123
2112
7570
1700
1288
3582
627
1323
2115
4164
6097
45
1601
5875
1825
3002
5215
7525
1594
4226
1284
6707
3912
1977
1026
6866
1051
4654
6000
4310
7711
7189
453
7861
7815
2015
5036
5598
5544
5777
4105
5150
3481
6950
7296
4138
3105
6502
1449
1976
4548
205
4775
3969
2751
415
6200
5592
673
2421
2531
3972
3323
5805
4452
6907
7591
1739
6060
7809
5965
7617
1981
3816
120
4134
3226
4961
2680
4888
3761
2548
3204
4023
7762
7505
2414
4484
5110
7399
3815
7444
4925
3122
3245
132
1826
5675
2497
389
4546
1365
442
1639
4011
4930
6224
958
3848
6616
5188
1238
2911
3784
6660
7982
768
7299
6042
4946
4493
3106
4629
6660
3994
6520
2691
6858
570
7987
2307
5550
2463
2291
341
2396
2106
1564
12
2831
1281
1455
635
6493
2210
2576
4532
1140
4462
3263
7364
2526
7633
5550
3895
1440
4735
1781
5645
5490
2239
7366
387
3861
4309
7638
6774
619
3443
4264
5875
7203
7287
3211
3665
3037
2470
6135
4450
1417
1988
1551
2396
5307
622
7780
5917
4912
6396
6901
5660
324
3919
2521
592
1914
1067
4774
2184
2572
3801
3913
5697
198
5387
161
3239
4421
1885
857
6969
6600
5331
4228
3502
687
4970
3080
3238
4528
1720
1862
2223
4542
6603
5551
3284
4765
2619
1750
1970
5696
3950
1878
5615
6075
3854
2197
7920
461
4541
1496
3027
5538
7931
7059
2993
7690
7019
7904
4944
5987
1535
5656
851
1939
1689
1155
1594
7836
4876
6473
1802
134
6887
1273
2649
3453
6612
5427
4833
2772
3160
2776
7986
224
6834
4685
4610
7544
2557
3593
5746
2714
4805
3982
4160
6294
1026
3675
4385
2699
603
83
3584
6068
7694
2892
6650
6658
4410
7540
1077
1592
3070
2172
2827
6758
5669
627
3105
5004
4544
2050
5278
1282
726
7087
3328
2905
5112
4354
2427
2937
1041
2134
2169
3076
7192
1918
530
3941
6035
5952
3133
3017
2515
4154
7643
2633
1155
5401
624
398
570
7381
6154
6552
2804
2301
5341
606
7564
3745
1545
55
5113
6140
550
936
3
7750
7566
3751
97
7163
6968
6592
6916
2261
6767
4572
7443
695
1749
7711
3729
2028
2366
1660
3980
3616
271
4890
4576
7923
4377
2289
4407
3077
5904
4375
3603
6707
2629
1405
5834
4873
300
1406
412
7562
7636
543
3534
768
1163
6869
1996
1833
4325
3084
3773
6890
4956
4387
7478
2676
7174
174
2786
4679
2184
3838
4357
2392
969
735
6065
343
1877
6856
1727
959
1247
4417
3979
7728
1355
3808
6760
5508
293
2573
6752
2819
601
4713
1751
6242
1926
3157
5699
126
6620
3733
5377
3797
4186
1142
7799
427
804
1652
7956
5469
1356
2814
5642
538
407
7750
1321
3366
1414
5277
4385
7611
5086
1537
1791
4255
6984
7822
6417
6719
1157
1601
2338
5514
7040
182
3542
212
4008
6332
4704
6641
2617
1282
1462
5786
7070
1213
5835
2176
1835
2333
6711
1342
7347
5766
6710
2648
7351
3543
1442
981
3234
1236
4312
7755
475
128
1497
225
4208
1108
7357
3081
573
5744
4993
3803
75
4004
