7508
9773
661
9311
4293
7339
529
2914
6240
7839
1128
9481
798
2070
9434
1681
6695
6742
3351
4361
5272
7462
1060
8232
3616
4193
7869
5368
265
8759
2197
169
1177
2636
1005
6359
5552
2075
7097
5752
6897
2174
7901
6058
611
9170
6676
7515
1111
2380
1492
3940
6379
8229
262
45
8713
2429
5694
100
9469
5161
2648
7480
5641
958
8303
8161
1065
3074
6128
4620
9645
7598
7464
3097
9560
5002
7620
4446
7517
354
4256
7885
7267
8257
3789
2948
2374
959
7646
3123
6380
6996
6283
1736
9525
420
416
9653
866
8515
6450
8037
6252
6871
4295
8781
765
7164
485
3711
4808
1248
2583
9114
904
4763
213
7384
7168
5354
5786
105
5428
3005
8240
2648
1315
5727
3571
9139
4585
7967
3579
9001
3904
6219
1633
395
3961
5008
2183
5209
474
3934
8314
5132
4413
7168
832
4762
207
3032
2484
5512
2728
6344
2609
3246
8631
1646
7466
5037
3593
1345
9126
6841
7668
3581
5210
4685
3129
9817
3422
2160
3170
577
9631
1493
4690
3107
8235
4146
4895
8809
8932
1553
5482
8067
6273
7559
3609
8386
1764
2315
7542
7146
1616
9128
4807
1472
7464
831
1958
6147
1632
390
9609
324
2341
2150
6712
1115
8555
5524
3411
3319
142
4784
2413
7573
1359
9600
7308
7650
1075
4743
8053
1107
4617
6024
8961
502
6686
3218
5643
7403
2187
8748
7176
8542
1943
5158
5726
4122
846
2494
9830
6240
8904
4222
7004
6831
6715
7234
113
7863
3523
4307
5071
6889
2337
8502
5706
6316
3189
6209
4429
5337
9880
6008
1131
1393
7607
3870
5629
6200
3874
3185
6803
8581
4912
1812
2203
395
9020
2129
3787
9451
3104
7779
3879
7880
3676
286
6205
3441
9451
9409
933
4636
8065
4492
6359
2895
3090
5610
9223
2844
1604
3912
3989
338
7503
6490
1976
524
6299
5311
7296
1059
2422
4977
2233
2100
2128
3251
7716
7321
7665
2188
6749
4464
2251
2166
516
420
5453
9307
7304
3409
2905
942
7846
9191
3790
3540
376
7186
8310
5680
7142
4140
2113
9873
2214
3087
2259
4258
767
9838
7893
1902
5178
9416
7163
9524
8086
5336
5974
1556
5071
6991
8006
3886
8154
1480
7130
3041
8310
8587
2875
530
9010
1985
5046
2609
2351
2378
9952
7428
8160
1194
8540
7465
5515
1002
5763
8430
2028
4266
5454
5039
1211
6753
609
150
6133
8226
1719
733
5956
9217
5948
2179
6963
7363
2892
3193
4369
4553
7173
5708
5384
8545
3396
3876
8451
540
8371
7151
5716
8699
1012
4043
3133
7836
9318
2257
1375
4896
6475
4124
658
9218
1471
8942
5246
6360
502
8152
8110
2570
4060
7474
7092
9746
9655
2665
3357
6733
1698
5592
9855
4568
5017
7256
8204
1904
9045
9127
8044
635
1817
9473
8077
3048
5049
6165
7073
4453
8630
2091
38
218
9040
3146
4639
3537
6950
3387
8180
6653
8899
4642
3197
883
4269
6090
4201
4215
737
3341
7314
1374
108
7475
752
4587
9397
4044
4696
3489
5591
8904
8102
9607
5554
9636
5527
1871
2617
4666
4953
5658
946
1391
1735
7175
6275
7194
8779
8959
1963
2858
3715
5288
4776
8663
110
1565
2393
51
4140
2906
8690
4691
1061
9994
6539
3590
5328
4632
562
2330
1597
6070
8387
1656
428
8717
5739
3576
8311
2202
5264
5737
1526
2733
5189
2813
4831
6890
9526
3962
9477
2565
526
2046
6968
6255
329
1740
635
2685
1866
4147
8396
9633
1261
7644
6900
3120
8235
1392
5825
8817
1740
1938
7642
2953
3165
8328
4805
3725
8759
8437
5105
6600
2853
9031
5544
6340
4688
4172
8387
3998
2940
5625
336
1117
7340
1892
1471
7544
5913
1711
8655
8133
8136
660
824
8587
4404
4014
3090
2001
6935
6910
3926
3428
9041
1796
6780
2229
2099
560
8432
4062
3005
1826
5876
6115
1602
6525
5613
1272
6856
7260
7812
7048
9782
6972
8464
2192
8207
6957
1936
673
1082
6385
7063
6030
1699
6907
2075
5544
5112
9242
5445
5352
3279
4593
5128
6309
4783
4709
6985
7879
8401
1818
5145
9674
9097
6878
3646
2069
3332
4587
4022
5142
8623
7758
2980
6619
4763
9845
4416
4694
4449
69
6159
7613
1815
2459
3769
5188
1844
2154
7408
3497
9972
4056
2272
9264
1240
7389
6933
4820
3261
6
2211
524
5220
303
6729
5520
1612
8508
1546
4938
293
2290
3430
8332
5658
7532
7858
6637
3109
8457
224
1177
7178
524
5169
4567
5486
3716
5379
7373
2912
9595
1433
4442
7857
5635
2393
1512
5730
8248
3575
3335
608
2470
3203
7682
626
3939
3605
3708
9531
295
1711
4803
9781
1034
3346
4695
5133
2161
34
7896
3129
4172
2025
698
856
8987
475
23
5138
6346
907
4860
4881
6889
569
4707
7320
7487
3941
1546
110
1671
7842
2617
7883
6629
4660
6823
2288
7697
6378
3568
8213
5679
206
6435
444
2505
6825
1638
3464
3582
8569
3184
9387
6850
9922
2892
464
8638
7374
7645
8220
8488
7786
1457
6330
9408
2814
4226
4326
3651
7734
7441
9967
7338
6646
9202
6682
4134
4263
4814
661
2302
8081
6527
3102
4657
3229
1033
6707
1768
6358
3649
323
8732
5347
9725
7892
8748
104
1035
9691
2598
7311
9813
5848
1127
3217
2049
203
719
6210
6330
4375
2559
6984
5918
406
1259
8355
1673
6179
1780
7519
2558
7293
4084
7118
1234
1990
6921
1309
7933
4029
3227
5123
8062
4991
8268
679
1974
1439
1180
830
5987
5557
28
9274
7763
1748
9429
9318
6633
392
8431
4856
7911
5079
4752
2519
1763
4009
1983
58
3282
9410
8276
2301
1148
7436
8921
926
2138
579
6381
233
4998
950
1531
7000
7265
4810
9354
9485
2560
7602
4676
7540
5597
8370
7212
2983
238
5748
8916
7964
9456
1121
7547
6577
7281
7727
8125
326
2827
8503
7180
6053
4011
8198
9857
6960
3548
7751
5254
6952
4654
2497
7497
5680
4734
735
6703
2777
224
5937
688
6389
1663
8416
776
3877
3402
4953
9719
9538
6684
9028
6657
4057
421
8622
3529
7399
8512
251
9434
2486
494
1963
3310
6959
3623
1867
1843
6545
1023
5347
102
6889
7814
790
4390
5595
7422
5980
3557
8594
8032
5715
267
5626
5839
3440
5258
6112
7206
9303
4265
9972
6503
8201
5895
9699
5106
3816
253
1535
3110
3173
8514
1337
8925
9768
6243
9631
4231
7933
9977
2531
6694
840
4454
4778
1696
7683
1119
183
6609
5731
9339
1719
1082
130
386
9612
4895
4690
489
3605
5727
2021
5483
4858
7200
8930
6701
6071
7197
5626
1880
9272
9326
1733
3277
5663
3747
1116
8003
7422
2696
69
4925
7379
3834
6794
254
8794
9381
6630
4736
9541
7444
6371
6804
4672
5356
9595
7578
2765
982
5048
2986
982
3850
66
2392
9348
6852
4723
5864
3778
6686
3066
908
5657
7096
8104
1023
405
8675
7906
6689
566
889
2338
1827
2954
4928
8605
306
4151
3538
5237
6439
7648
7083
3943
3528
3767
4402
905
1942
4658
765
957
2854
4377
5463
1147
7576
7251
8571
7172
4090
3076
8358
2420
92
1512
8238
9437
4420
8247
4416
1713
240
1448
6627
3259
8574
3152
4575
7256
6003
7769
5964
2031
9800
9932
9484
7449
7491
3781
1028
3055
5579
6366
1147
3363
9289
4662
3850
2016
5528
4964
6485
3694
241
9052
717
1405
7750
2203
2572
4423
2676
1315
1168
6320
7112
6326
2619
160
2028
789
1946
638
7218
1361
6133
3874
301
3264
3969
3911
9302
2559
1727
1039
1284
2269
1789
748
9214
8078
9699
5287
1209
6605
378
4264
5198
4827
6251
2963
2043
3689
9988
4739
3017
5847
6476
8880
2919
6843
1104
4486
8234
8661
5120
117
9588
128
5035
4842
4536
1871
946
3949
1089
6659
9429
613
982
1869
8676
5473
7013
1006
1867
5613
2570
6987
8022
5437
5793
2909
7829
2371
6973
5213
7053
2548
1484
261
4675
5069
9791
1408
8426
172
2743
6038
3650
6358
6417
5862
7897
1049
8167
5630
7473
7227
6793
9507
7546
2600
2106
9598
9048
1627
4041
8574
6976
5876
9606
6881
9128
720
7193
3606
5682
5604
2580
1695
2870
6532
3337
1664
9019
9930
5011
6779
4204
1342
7739
9825
5755
1977
2715
2075
2963
192
2359
6798
6130
4168
9062
7773
6751
9536
6734
7176
3856
4560
9948
1868
4646
5097
6637
1013
9263
441
579
9118
6615
7262
4370
5633
8136
9780
1126
7151
8005
5118
643
5489
3244
5781
5564
8701
7470
5563
4912
9483
3196
7835
2922
9644
1394
5870
5179
657
5340
1702
2812
2521
9613
3241
183
8868
9798
3428
9636
6971
8410
9582
9171
8738
3917
4459
8624
8864
9533
7935
3543
3699
5529
1095
5921
8780
4339
4726
4239
2265
4601
468
1810
6303
2305
8121
5875
3
5598
6696
8902
4041
5927
7941
1072
3614
8663
4184
5726
6934
7246
6314
1124
7404
8158
9113
6991
8518
7320
1403
4528
5072
9189
7370
2369
7941
7772
2868
6432
5795
8584
8621
3266
2836
9033
9501
7771
7588
23
2307
116
155
8999
7304
5019
8287
9344
4406
8144
3192
1129
7357
2682
4195
2168
3829
4851
8556
5571
3131
5841
5794
7751
9931
8350
8625
3047
8287
8371
8656
1341
9403
8495
5013
1286
4372
6073
1885
2351
4082
8596
3365
4723
3239
4665
1226
5938
9071
668
5203
4649
9215
2017
6891
6465
4321
2404
9068
8953
6393
5239
1057
6034
9487
1851
1726
8862
7669
2908
7795
7756
2966
6204
1488
4535
2476
1070
4512
5265
7124
2687
3976
7618
3168
4006
2125
7385
1603
8548
6964
1968
7005
2931
5958
8843
7538
7331
5236
1387
2938
2364
8269
6162
2873
7446
1683
3010
529
2356
3988
3251
7892
3802
1829
3706
1263
3438
2866
5480
9725
4340
7258
9120
5944
5826
751
34
246
2645
6996
5145
5834
3124
2326
4759
4417
7813
4745
5721
2323
9115
6856
9247
4559
3713
4076
3203
1102
2252
7579
4100
4464
9755
1662
8598
5105
9148
218
7046
6695
1648
2763
7884
5360
8843
7416
4767
1475
7069
9288
3450
8693
7144
3156
610
7484
8011
4561
2231
1750
7548
8932
7994
5065
2895
680
6078
1462
3728
9653
5269
7595
7698
9026
675
6351
8972
3887
5715
6296
9308
1727
4032
2964
4129
5406
7319
6598
1051
1113
7094
4587
7986
5296
9147
2716
4769
2818
2464
8163
1337
3305
7746
7416
4019
5854
994
8118
2481
4258
8512
4123
8846
5934
2441
5820
4899
5030
936
7489
3360
9480
410
2615
2558
681
9608
2402
9878
7959
1582
6154
1423
7551
4959
6002
3980
6615
8945
8274
4412
9201
4117
6793
2601
2970
5741
2052
2854
3326
7816
9739
1881
4974
4802
1857
2895
5131
4857
3337
6246
8591
8240
4522
2675
2357
2700
1294
974
6438
1840
8283
6084
2662
3076
4159
5362
3616
13
9587
4940
7556
9547
6551
142
1842
4272
6448
2749
3102
3107
8848
1758
5607
2028
5821
960
9594
4117
243
270
4447
1077
6416
1486
9532
3654
9219
1898
643
6494
9279
5118
5269
8396
8689
9043
1688
4379
832
8085
6252
8544
7872
3331
2991
6525
477
634
7255
3198
5767
9498
9769
9317
493
6478
3131
5065
610
8188
5053
4549
2105
6607
3828
3730
6488
7211
3338
6777
9272
5215
3284
2158
4017
5902
3204
3085
8494
3006
3177
8585
4642
7444
726
9780
5348
5952
7902
2211
5911
6622
3769
2644
3032
1702
6439
1265
9502
9261
37
3265
7295
478
3926
552
6213
7611
5299
4591
3273
46
6570
7603
5011
6468
9906
4661
5880
4047
8381
536
9308
1127
865
2649
1445
640
9126
2315
9462
1939
3582
9233
2969
9911
1289
4164
3518
173
3566
7736
652
3311
8937
5865
52
6166
7633
6563
1795
1777
5384
5455
879
9501
3957
6168
9612
1276
9107
5573
8485
2984
5128
1334
6464
7336
4633
5099
5178
5742
1142
5707
481
645
9883
5997
2189
4999
2597
5279
3007
2562
520
7685
6555
8127
8354
3467
5954
5120
4552
2241
1066
7993
9250
7668
8182
7603
9401
2715
1532
2533
1384
6053
634
9677
4973
233
9617
7960
3978
4612
8679
3827
2565
5923
2463
7443
4778
8337
8982
1166
9145
58
1189
8900
4640
2487
1394
2215
7814
4586
5598
9881
3746
473
1177
4467
7050
6878
3153
8120
3849
7994
1141
9939
3562
7238
5427
3327
5204
739
2824
1064
3733
366
3388
1326
4863
1733
5036
2486
8839
7402
145
9392
9014
8797
80
2091
4745
7996
393
7899
5183
861
7316
1150
8916
1250
5338
7401
7059
8066
7010
7075
1761
4534
6147
3380
7085
9851
9603
5316
1841
666
9280
6447
7848
1749
925
4764
7157
3336
8582
7208
346
4924
5880
2871
3049
2237
2409
3612
6395
7635
5426
772
392
3070
7630
4479
2650
6700
5006
4894
8392
5076
6057
4516
1580
869
3302
7166
325
573
243
3723
9484
9802
6728
6836
8653
3275
330
4847
7441
5991
8920
4206
5239
8508
6054
4778
4119
6445
2114
457
8329
3687
8815
5269
8867
1363
1290
2180
8935
5242
3287
5822
7391
1703
1288
590
6341
793
5825
9374
6369
159
7452
2401
6156
1851
9276
3072
4814
8523
3047
3879
8458
9785
5394
5796
986
1459
7969
7290
1984
8150
5911
2198
2704
3098
6815
3536
7219
5464
8436
3325
619
2740
4088
8169
6234
6414
9113
7016
2086
8218
7366
411
2194
9407
7364
7605
6309
5491
9603
4882
2824
8535
7389
8219
4248
5254
9697
3057
5035
5740
5853
9350
87
9722
3260
5718
5697
7224
9561
4572
2345
953
5203
3766
783
5499
3
3297
5734
9209
7227
1728
5860
3553
501
2084
5350
5868
3921
980
6716
6055
1980
6346
2365
8016
324
2472
6147
1645
1907
9084
5929
5031
2536
1870
3331
3622
7435
8748
5250
6400
7323
5825
8513
4124
3489
6534
9221
1175
367
9828
3303
8581
7855
6290
8973
8857
1401
2767
5175
7531
7149
4088
7301
8142
5798
829
1016
8630
8752
1728
8433
5173
5729
316
8732
6154
7832
8240
4526
3789
3251
4971
1278
2079
5781
7348
7175
6246
2897
4474
2221
4667
3572
7719
9250
3235
8523
370
8326
2660
5517
590
2423
8638
1395
8129
2851
7538
7557
2818
1024
3161
8241
1385
4279
2178
2809
5222
2361
8449
3653
4769
5733
4278
9507
3765
1600
8009
1066
5496
7631
7462
9913
1866
8272
2660
2548
2640
684
7651
4496
9636
8688
79
3449
9059
6426
2186
3440
7071
426
3301
8009
9876
9006
747
4857
8144
9131
7629
6529
4842
6472
2061
5187
3562
3247
6375
3113
1619
9630
169
4538
4710
3953
4016
6080
5654
828
447
7339
9413
4569
3994
5070
4329
9452
36
2859
7524
7803
4403
3508
3054
1122
9654
3164
6627
4891
9887
5811
51
9073
1820
7441
257
8762
3299
5923
4990
4666
9202
7316
8684
290
7115
272
2477
6990
857
4109
3211
3515
5588
3815
5227
6660
1483
3587
4298
852
9453
762
941
4635
7287
340
2748
6553
4813
5567
6153
4113
7869
2858
8601
7086
4824
2764
4006
9381
686
9636
4034
5777
2600
6535
3484
8005
2213
3596
7278
9711
1624
4137
5213
8440
6375
4048
3002
6775
7523
5923
2177
5290
7956
9097
5646
2730
5214
8140
1836
8719
9581
4916
165
9816
6728
5164
2035
752
6855
4743
4339
1216
8288
6442
2488
3731
7645
160
711
776
9761
7231
1858
4763
7458
8744
7820
3502
888
754
2790
4073
1760
8559
129
6707
3972
5396
1712
1210
2013
2249
9919
2780
1584
961
7002
1514
6609
1915
5085
5053
7428
1059
8958
2350
3058
5401
2357
7983
7343
8532
9863
6100
1952
266
9456
9729
6312
5780
9758
2248
8448
9500
8763
7511
7311
9077
3179
6497
1741
6306
6893
8973
5669
7737
6644
700
9601
7779
3649
8570
3038
3728
3867
3480
2386
3819
828
1317
1505
7273
5201
828
2156
2836
6604
7928
2296
1446
5038
3981
2222
5860
6241
1036
1638
889
431
4215
3621
8755
127
8532
2131
1187
9209
4720
5633
5282
5125
3492
8249
1861
4992
4468
1104
6065
6817
2832
1132
8716
8403
8154
2741
9667
6347
7178
7486
2830
1842
1496
3387
6612
7696
2749
7145
6668
8696
969
3626
1884
2295
7014
6321
1545
5731
361
867
1773
9932
5573
4072
7598
3082
4905
351
1973
5791
2463
4839
2031
7234
2802
3440
3628
104
1636
4165
2243
7323
4435
7368
5848
9206
9247
6421
1389
1833
1195
3936
5986
6311
5713
2898
6268
7423
5789
3530
2790
2397
5171
877
6232
6129
1595
4650
9492
3574
2692
1441
4094
6196
8623
4449
5496
8204
8224
8391
3834
8484
8962
139
4596
8527
8853
5720
1520
9904
7171
6205
4315
8106
1374
9845
2152
3558
1135
9718
7611
4597
6929
7815
9141
9753
9841
9789
7687
1263
7402
8063
9199
7397
9695
4306
3435
5032
6280
7705
7275
5874
3129
9587
6402
6487
7126
5988
4822
8778
2297
1937
7068
8506
780
9237
1554
1147
998
4842
8686
9064
8032
257
2502
9107
7006
6917
8410
7067
6410
7119
7278
3430
2442
1736
1468
7341
1412
2654
2627
3852
4966
8908
8966
5464
994
693
6616
458
2751
2287
4034
1437
9018
8211
7842
2872
7085
7294
9480
208
7578
7754
2367
5177
4659
3638
6063
9044
7769
4213
9734
8343
2214
4833
4097
9123
1290
7037
8112
6312
300
7952
4315
4122
3085
5840
4411
4230
3894
8595
256
4117
3173
2419
6274
7212
6541
3789
805
7356
4629
7572
2689
8538
2553
5690
9222
4185
4114
8718
1582
47
9181
3168
9907
9626
3438
8245
2091
8819
9226
1832
5150
9173
3957
5616
5169
9795
8559
6885
2582
7500
6232
756
1683
2728
5262
5777
1569
7394
6617
226
116
5175
7013
208
4935
5
2511
6648
3773
8295
1697
1986
8130
2797
2421
3516
4580
6936
520
9427
5625
7229
6135
4081
3815
8425
1484
7178
4363
7661
6675
4696
2201
8999
1716
9974
2159
3748
680
5164
7283
1910
3112
4286
5802
4246
2625
8885
307
1746
1197
4633
6874
7190
4600
2886
9040
2932
6393
6510
8520
5333
2285
6111
1620
7001
9784
9130
1081
2446
1356
831
6255
5356
2143
3715
4117
1848
8278
9568
5799
2599
6871
2616
6463
2042
7822
5011
4398
8829
934
9227
7355
4170
6643
1950
9625
7000
2666
8801
4461
3495
7804
7860
390
365
8378
1517
5047
885
8769
7191
4653
6824
710
5921
8461
9668
9648
9577
9178
4773
4732
2251
1512
2129
3476
2084
8712
192
4089
7117
9181
9476
5107
2304
4794
9011
2226
6098
3664
6304
9964
3512
60
3742
4573
530
3460
722
3489
9957
7352
3088
9622
9688
8762
5552
6347
8260
6888
6293
2804
4854
6796
1651
8010
5177
1717
8405
1126
9450
7441
3549
5913
2873
4808
1219
2191
7770
7555
2945
8624
7990
6703
4131
9765
6092
9853
5418
3542
9241
2663
3965
9209
7370
3499
5109
6716
8408
5732
9396
8813
5054
9595
4038
2516
3802
7175
6749
4879
7543
3361
8577
705
3943
7669
4814
8151
2664
1886
1917
5323
6298
4863
1885
6786
3475
4339
8542
9373
9699
4503
3782
2038
8159
4132
3569
8395
2664
1615
5962
8917
3104
539
5999
5880
4086
3260
5266
9701
8685
6957
4052
6521
3815
4073
2514
191
7709
7251
9040
9462
8632
7375
5180
3039
9578
6538
2546
9810
4099
6418
5487
1048
5924
2999
2218
5759
8864
6004
2700
214
9073
8841
688
2741
451
7261
8223
4085
1618
3377
685
5412
2575
6499
284
5729
5359
2959
6301
7547
714
5456
5601
2267
1470
3003
597
815
1854
6754
1327
1704
4551
8825
389
9791
6686
2438
2588
2317
8315
8460
8192
721
5732
75
8473
9424
2714
6488
400
5905
9703
5152
9500
3617
3239
8420
1271
7447
6663
7407
2231
4863
2050
8980
861
3749
6109
493
9042
2920
370
3984
9232
2254
7264
4879
6534
1395
4530
1172
8101
5365
6354
5422
2001
9398
9325
6772
6552
8266
1167
5141
5653
908
6229
3328
8671
6751
9214
4723
3314
2221
7445
7479
5534
5718
5920
7246
6352
8359
1886
9876
2917
5491
9306
6865
8509
6628
6979
1462
4424
9337
3940
776
1753
5229
8331
8324
6025
3935
6208
9782
2181
9806
7857
5879
7919
8874
9887
6282
3478
2078
419
8193
6379
1290
2223
161
1601
9363
4819
2042
9772
7751
299
3977
8280
6669
5726
305
7387
7596
1221
2417
2150
2103
7695
3111
7634
3426
8945
9634
6741
696
7983
2345
8917
5747
4397
462
3005
8169
6722
6661
9116
4165
10
4429
9507
3879
7598
1250
3148
9582
8895
5882
857
8002
6042
4276
3595
9112
2527
8175
418
5184
5301
9076
9767
7953
5059
2533
2272
5263
7299
9218
873
4560
3300
7984
2092
3265
3603
3754
5827
7694
6485
7159
1801
2101
1488
915
9705
120
6867
3893
5641
8547
6242
3931
8864
934
4661
1553
8820
5065
8978
7885
2282
9676
5008
6297
4701
8057
2183
330
5508
8773
2347
2724
8698
8142
7274
7666
6464
4144
2827
2151
8395
3406
3576
2326
8317
9369
9120
1158
8603
2050
4933
761
8715
8600
4876
2124
7092
5191
6213
1648
7936
6537
8384
6867
6199
3518
5232
721
3659
6995
5088
4675
2238
6827
9489
8876
6099
2682
7979
5332
8936
1025
1726
3458
3839
1585
4008
98
3266
5150
573
1273
7930
1179
4214
1858
5021
6709
6126
4799
4136
8398
7498
1608
6961
258
8523
1888
9110
5999
6024
4410
7212
881
2711
6911
4810
4926
3028
4614
9509
5134
7455
8509
6421
3815
6744
1058
2612
7630
3855
9390
6556
3179
1196
537
3526
117
6497
3581
3061
2119
987
7266
9125
6163
4061
7049
8467
7303
7047
94
3681
1512
5289
9001
943
8989
5186
3145
3513
7464
9276
1479
2144
6634
7854
4032
9684
2173
3385
4693
8429
9446
1552
7389
4146
189
9384
258
9754
9695
2591
5308
582
3760
5709
5044
7889
2194
9594
4537
4931
3351
68
5597
2843
9507
5121
2491
8309
28
7364
6293
3918
2354
1665
4234
9959
7900
4854
753
9605
4927
3390
3817
4873
3968
896
8384
924
2809
6142
7490
2579
8847
9761
5077
9378
5955
4546
4639
5068
6893
1949
9726
2330
6297
1390
8228
2095
1475
5084
9989
7340
8841
4932
3
9960
6250
724
8875
8610
6737
1566
5499
3885
9874
3714
5070
2592
6587
4856
4004
3353
215
5684
2712
2978
3664
1486
8575
2577
2668
6288
9449
7725
6152
149
3737
3915
9758
5116
3127
5231
5671
6028
8331
5326
6449
5840
2456
2583
6319
5635
5507
6618
1079
6636
7124
3156
2219
7025
6296
4763
2148
6297
5942
448
2117
7774
7733
9724
9976
1154
2834
1470
1728
8773
7682
4187
7353
7386
6528
7824
9030
5991
6258
7033
780
2830
6645
9516
3025
581
1695
2732
8820
8364
3082
9374
86
7882
3208
8675
8107
2731
2606
5164
2800
4036
4890
2306
8954
2936
5802
4833
496
8471
5733
6156
39
8908
9667
9287
1128
8216
6699
9395
9458
101
2650
3364
5690
8308
4101
9471
4177
7852
9717
6298
3384
1093
4232
6744
7939
4338
562
88
4778
6861
2236
348
2631
6925
9334
1177
8214
3920
7547
9890
6032
3211
5706
2698
1386
1526
6615
646
8835
6330
656
2644
8754
9434
2771
8945
4675
2923
1347
6789
7654
6610
4616
2596
7865
2301
733
8765
8973
2923
1256
257
305
9826
265
173
5387
1534
5357
6413
7722
9915
1252
8447
6205
9592
1594
3196
4153
388
6502
5291
2572
757
2236
9421
8595
3109
4833
9084
793
7850
1673
5911
5074
398
2338
8927
9168
2598
3558
3141
7566
4934
9066
7738
5357
6168
6390
8273
707
7536
4611
8584
6421
5965
7684
9548
7590
844
1578
2277
6700
6272
5620
9872
8242
5340
3373
5806
7253
2666
4027
1554
6830
3360
7725
7638
1690
4498
4064
2426
6718
6560
8377
3256
3239
3088
9490
9108
2714
2790
1337
8324
1020
1280
6440
1293
9313
9194
9495
16
2794
583
1019
8040
3508
3056
1754
3061
8240
46
7857
3092
6779
9151
5559
140
7894
2363
6633
5154
5850
4265
3092
4462
1329
5703
534
5549
6920
6431
8324
2495
5002
4047
9631
6134
5540
337
9747
182
1334
6429
867
2668
4932
8245
1544
1869
5721
6299
3398
6950
2561
4341
4166
8529
7491
6556
6711
7805
2522
6204
6141
1809
1721
5361
8089
2732
9520
9425
4600
7557
2616
6450
3819
9421
3398
424
9530
3083
4158
8664
9828
620
3033
1374
9934
661
9881
1102
8643
8983
3626
1942
7660
5130
288
9057
946
9571
155
8812
2349
6296
1699
5841
4333
6110
522
4744
5130
7067
7026
3627
3647
3857
6376
5520
8776
346
5427
7428
2851
8418
782
5617
3930
674
8790
8689
9133
4340
9477
9959
2928
5346
6315
3531
8921
7191
7040
3823
138
5136
5971
1575
1956
9998
8294
3802
8753
4767
281
600
4143
2727
5960
3931
5514
6082
1910
3659
7320
1832
5611
790
7589
7067
699
8301
7541
2844
6599
1584
3306
1603
7289
7714
2446
9206
3660
3932
2379
4987
9935
4366
4058
8877
5815
200
9385
2384
8017
2838
5281
3380
6503
8305
9525
5180
3986
4889
9299
9993
6261
5908
8167
8697
7293
2540
5437
8245
1484
6307
2421
7978
1280
2333
1896
1245
6731
8712
1252
498
8915
5156
4826
3760
6302
9925
5099
8983
8189
7265
5219
8771
4632
2385
8725
4027
6198
5360
1583
3274
4763
1139
900
1710
417
7303
2100
4170
6408
8280
8448
5274
3636
8800
1078
1104
1081
4406
2394
7368
7441
6453
56
4218
1088
3650
3345
8894
3607
7869
5046
1370
7128
7978
5735
7775
4255
3116
3343
8999
7825
929
2574
9909
8816
9945
5134
5831
1307
7621
2945
1791
2966
4215
5833
8309
1083
6682
621
6766
3957
3205
563
8539
3233
7078
8145
5658
3065
3302
6848
7964
1063
3394
9543
6512
3879
147
5401
1142
8516
7514
7587
5986
4923
3255
8404
2913
2144
7426
6691
7573
2494
6577
5042
4619
365
4035
6675
1738
1800
9475
2766
8004
772
4981
728
9571
4672
9321
4429
936
1280
9479
8250
6443
5618
4577
3615
9978
8673
5232
3513
5638
6611
9275
5469
4485
8352
4923
6146
9843
3471
3662
9341
9040
4747
9582
5213
9942
2526
8833
8241
2823
2996
5755
6292
3015
8326
8599
9001
5788
419
6697
3065
6568
5962
7127
1393
1496
9511
6242
1218
9749
3175
4586
7464
7618
137
9210
1695
6035
9363
3673
7452
9839
6991
690
2642
855
2982
2454
6159
9753
5921
357
9424
6774
596
2773
3077
7619
8189
3717
431
6283
7614
8491
9648
8410
8290
8674
2877
9116
6903
2965
6425
6746
9245
3225
9577
5271
4485
537
8514
7056
83
1465
3827
2817
5161
690
7021
7364
6132
4075
7846
5646
3242
1168
2224
8499
1042
4232
2565
4308
9577
7043
2849
2956
3932
2678
7529
7370
3196
7806
3134
7651
5202
3374
6200
6149
4664
6831
3248
7600
1652
5513
2983
2828
5119
779
3504
8076
1000
1078
4229
253
7971
4206
7479
3039
8616
871
8884
2483
3160
9651
4168
8326
940
194
443
9867
4967
6075
3834
4211
983
4965
2656
4063
4060
21
7836
3153
9174
9452
6369
2117
3576
2881
9679
996
5895
3160
7532
3793
7946
765
4439
2000
1345
4656
1887
4924
335
3636
3109
4925
7244
18
9269
3006
1550
3415
8979
8595
3034
5731
3309
3708
3281
2050
4749
8059
514
9447
3972
1807
8543
40
6264
217
526
655
2718
9403
8134
2912
2818
5537
6343
1444
4873
3557
3611
6673
9446
2479
4180
8937
759
2214
7456
730
8719
9294
9906
3827
4409
887
9664
1302
6382
7203
3753
9051
2479
895
696
9576
461
121
2913
7771
7365
1836
7176
1191
4447
3841
1
1492
7626
9605
9280
4049
2761
9796
1935
3423
9496
4306
8502
1930
5873
5041
5062
7669
9804
4559
4193
8551
1782
4603
8476
637
9301
9684
3365
6882
2118
8714
9380
568
886
8171
3675
6776
7923
9703
6290
2683
8959
7273
80
6154
1618
983
1898
2324
6774
9506
1387
9887
9647
1450
9710
3022
1128
8642
4748
3076
6430
5052
1305
781
4926
7934
1043
7701
1365
8285
9746
100
8269
1509
9591
4509
4523
2322
9019
8318
7786
1040
108
2611
7327
9492
920
9435
8461
653
5648
9280
4955
3213
6252
3906
5967
9299
1228
3683
9939
4196
959
8488
9759
1287
1618
8137
1858
5200
8498
8806
9623
6429
5290
5389
4943
8694
3454
5433
7014
1607
9240
711
2637
466
5144
5055
5257
5684
8542
5224
1093
5335
8379
3589
81
1620
2851
6039
7873
2782
7576
3260
2154
6841
9656
8525
7923
863
8963
7273
5845
5794
6669
8331
4956
247
5850
9293
6142
6562
2880
6174
6658
3274
7712
4288
8050
1700
5307
3322
5842
7414
7560
4232
4030
5979
8557
5796
809
6619
7132
4393
6721
1268
9378
5299
8666
47
8632
9834
5770
3558
9897
1311
9901
1402
6602
8879
9128
5368
474
6222
5555
5640
1430
8430
8234
2437
4300
8977
1690
54
8483
9523
9430
8486
9453
5389
3895
2413
5621
8003
3068
5473
7552
2284
7517
6248
4330
2628
9377
9677
6667
5441
6144
909
8838
1080
9838
948
7064
6229
5747
9655
8144
5716
5074
373
1880
1415
1949
1212
4983
6715
9746
2471
3154
81
8087
9145
913
1985
8106
1672
9600
2012
3386
3041
3378
8521
9648
8372
5550
2947
5348
9392
2256
3413
7329
1836
7209
7143
4368
2915
679
8164
4693
9952
5694
3673
7754
8756
2993
692
34
5079
8122
4074
54
6131
2329
2032
6994
3358
1766
3576
5661
2035
1366
354
215
9741
2752
6251
1935
3769
7616
5191
993
1436
7319
3434
7347
9705
766
891
5379
4858
2913
269
1270
8181
3358
1197
9507
5177
149
1009
1148
7102
2502
2657
8586
5339
3458
8013
6003
6741
8756
6264
7462
2930
3081
8618
8812
8895
4685
7289
2591
875
8197
803
9122
1096
9084
2033
6382
1554
6744
6758
3620
6607
4043
3890
8933
4661
4848
2007
6247
2753
4887
8637
6101
6648
2807
8339
5099
4740
2385
612
491
2859
8417
273
8904
1698
3534
7489
6255
1424
1630
4449
9997
1998
2644
855
8886
9190
9684
4150
4046
2677
1041
9838
5987
9559
4702
2474
8289
744
6934
1642
9169
6132
6267
760
8189
3770
4986
7235
1126
7358
5752
4823
1122
438
8640
4102
4003
1951
9453
5908
5055
8234
6565
7814
1818
8579
4286
9344
6995
1060
9199
5510
4489
9988
5279
3865
5730
1883
2665
5116
4204
2449
3024
6688
6925
6218
8715
5548
919
599
8470
6337
1291
1026
6586
935
9566
8453
8942
9610
9484
5641
239
65
8158
241
333
1134
5159
4775
8371
2120
9286
4336
1703
2606
5209
9876
888
5599
9863
8737
8425
6395
2589
2861
4218
3462
3401
4344
4298
7277
2941
3055
5631
8562
2209
2958
8529
6683
5884
7580
389
6144
2227
6350
7051
6954
9322
3980
5725
9690
7564
3342
9746
746
7216
3843
7476
5296
6023
6871
7733
814
477
1094
9178
6231
8705
3141
396
2251
1347
4205
9715
2282
8348
2280
4167
6239
5810
7263
4140
9421
8619
4607
9713
9598
3308
4885
1345
8366
5482
3232
659
9013
9847
9574
5667
1133
7171
820
8249
6181
3584
3474
8343
3359
3627
7463
2398
4935
9675
1236
9486
8759
2730
8312
2195
5869
1380
9580
2922
3820
1795
2030
6768
8114
3545
701
2434
8774
6613
3034
9067
4990
9013
7958
5836
5144
6264
6354
5970
5844
2486
6410
8690
4246
3746
1900
6282
1535
7378
9797
9752
7591
7897
4429
4386
1554
6706
228
9813
2926
5028
3624
8322
6641
2168
4496
9746
4772
2475
7050
9604
5026
3609
7077
1333
5384
3339
2522
4368
1645
4418
899
1395
6815
3281
1476
7092
4583
3571
4282
8438
6036
6540
3044
816
8862
8088
2048
2077
9249
2153
1510
9060
327
193
4725
3981
820
3096
9001
8214
4183
5860
8168
8507
4129
2228
1506
3360
692
7403
5162
1200
8192
8612
3567
8486
565
6261
2470
7296
1291
444
5118
9491
2908
1838
1067
6622
8555
7495
6272
1486
4570
6068
4255
176
8371
4537
6686
6633
6581
8688
1384
1846
6991
309
868
1715
6625
6239
3416
4558
625
1705
6923
3738
742
8676
5598
2290
1160
4884
4804
3197
1131
3675
6630
2124
4357
3391
114
6027
9575
5836
714
2603
9060
3272
2500
2598
970
9352
9996
2316
4078
1713
861
2864
9145
516
9433
9694
8938
4395
5473
1697
3883
8187
714
3315
3679
8743
7358
3233
6124
7388
4983
4788
990
4320
4678
7469
6176
3000
1319
1808
4887
2488
9118
9418
2814
3765
2979
3840
3957
419
7089
5179
363
9016
8719
872
2558
9184
8919
2226
1993
6762
6191
6689
6730
6072
1874
4824
5837
1964
3518
5938
3075
3664
6810
1394
9069
1296
501
9913
5764
3517
9275
5705
299
9804
4425
1973
5600
3806
4911
6992
4080
9093
9815
8125
6297
2428
2687
6742
1890
8154
8003
1993
6901
1150
2103
6699
2206
7325
1803
1261
8683
9005
6462
8475
7486
486
6390
6925
1646
9900
9224
2031
7052
6526
1857
3982
3849
8684
5097
6640
8608
3758
8022
7610
5514
7282
8803
9149
7700
7725
9766
8275
2002
3649
8308
5075
2630
1339
638
5810
6038
5761
5095
1990
8929
5972
4941
375
9292
8120
2850
3521
2227
5162
2653
4924
982
8851
2961
204
1682
7241
9225
3921
133
949
28
3402
8217
6782
1351
2509
8046
9286
602
2846
8663
6032
8680
9542
2340
8428
9856
9580
4875
6245
6047
6839
996
3383
4092
3779
8378
434
4128
8797
6536
1174
1856
7980
5943
1538
2157
2510
6768
340
5475
2941
4560
9807
6261
4949
171
3418
7863
3254
7384
9645
9045
3888
4902
3188
2406
4834
2689
7572
4130
7612
5158
1804
6309
7488
4176
700
3598
802
6271
7345
2811
4535
769
3105
2278
1189
7121
9142
3608
4959
2570
873
1412
6891
2129
7967
3078
2754
9132
7323
9820
9196
6209
7863
7782
2756
3497
8772
773
9470
9820
7061
6982
39
6833
4510
3119
1796
909
1217
7712
3546
3964
9171
5041
4284
392
9418
5359
6209
7621
843
1669
8948
7525
3615
8325
2906
5322
9522
7691
8349
8369
4137
5139
5508
3890
1373
57
7619
4848
1281
1845
7915
9610
6273
5231
7038
2821
3498
2363
4079
3413
4563
1849
8976
5391
8034
2514
3218
6184
212
6473
1387
3525
9363
5177
9827
4031
9533
393
9019
9360
7740
1361
6340
8998
3754
9337
1251
8383
1286
85
1824
7158
3611
4935
3806
2288
6163
117
5856
8859
6838
1434
4635
4807
457
4389
247
1096
5403
3007
3288
3104
3344
4719
5672
3202
5508
9977
1637
8697
1262
4835
4898
127
4649
4228
9914
4427
1370
7539
7867
9415
4537
160
2521
6306
6726
1532
8540
9365
9089
154
2979
8279
6797
8719
3814
8892
9263
604
6779
6185
8480
7158
7596
2003
6536
4507
158
6229
4475
5819
9726
7864
5139
3872
8567
3183
2197
9366
6475
3975
1436
2271
9607
1108
1855
6618
3330
5929
413
1021
5164
766
760
1681
935
7378
2564
517
9770
2218
1374
2311
4889
3269
428
5115
3139
2924
152
630
6695
9896
4128
2803
4749
6208
7551
6488
148
9917
1177
4229
5816
3454
655
8959
7104
3458
2936
1188
619
1679
9596
4257
2601
9125
7381
6337
679
6740
3479
405
5776
9782
4326
5267
6638
7956
6932
4727
9827
6075
369
9852
1041
7145
6495
1435
2614
1469
8010
9680
9988
8964
11
5015
300
9870
201
5623
8826
1213
5808
3407
6437
771
8452
6033
9127
5388
2320
9147
6525
8209
1360
4543
1309
9743
3216
5456
2630
5945
3723
9210
8729
3798
417
6811
9771
9310
4966
6767
7754
1309
5900
8614
267
6962
3415
269
8692
461
2308
7225
9148
8862
3155
1778
7604
5467
3705
557
6654
4745
2993
2880
7490
6598
4677
2638
354
1640
6262
9817
421
5552
1393
5216
2308
2746
4276
4347
6328
2946
6764
2168
3637
6497
61
9866
643
8638
9207
4304
5605
4409
113
3009
8316
3019
1123
3669
2284
776
9914
7051
4199
2490
6804
3596
7469
7938
9470
4857
1190
9357
4228
3708
7980
824
9242
992
6536
4811
1995
1716
2433
1958
4211
6011
5439
8383
6900
9288
1622
607
2063
5551
3031
9712
7969
1146
9692
6465
2397
2704
9167
4349
3113
6247
180
6405
5028
7492
3776
130
7132
7473
8781
8198
4618
2241
8279
792
8156
9086
1038
181
3235
582
7294
8677
676
8268
2854
8096
1300
71
2414
9290
2548
8083
8844
7964
5830
9034
3354
9408
5511
1491
3474
4590
6769
4833
5094
5728
2867
8900
8308
3310
1666
8986
1114
2530
8953
1503
5728
6760
4637
5680
8830
7061
5058
9491
5649
6535
3396
314
4962
9122
5732
1630
4669
1743
7108
2703
1907
5843
3174
7125
5228
2400
1762
9103
7624
3562
6968
6313
9010
4327
3305
6593
4770
9831
2661
6413
9531
7278
9183
8558
2331
2552
3938
9185
7578
36
4317
9371
5422
6250
9595
9885
3586
7511
452
6430
5298
5955
1867
2087
9566
7083
1304
634
5817
9138
6859
4838
9082
694
3171
4629
6659
4615
4794
2675
8461
2577
1525
7587
9244
7597
890
2760
4731
3419
3007
7258
9378
6230
1115
3576
5411
7096
8992
5248
1248
3303
3368
8439
3176
9478
289
4728
3078
4966
3226
8970
2717
7776
7968
2721
4430
4279
2842
1968
6192
8543
5903
2397
6130
9600
5459
2851
9579
9595
9217
9563
5622
9546
1427
5158
9208
3085
4410
9765
7308
6162
9682
9764
193
4036
4541
1602
8261
8393
9146
1131
4253
7023
9055
2704
7400
970
2309
3576
4019
7437
5148
3482
5748
3663
3348
3171
6349
2810
3512
1344
9868
3076
4660
29
8860
6138
2204
2094
5058
3857
4590
1185
449
8086
5310
8598
490
8722
7758
8238
776
834
5746
9870
1013
6200
4015
6530
688
1370
5253
5451
4881
7801
1263
1176
2362
9025
3843
1261
8766
214
8517
162
2847
3963
3032
7662
8353
4749
2680
7626
5051
5274
568
9034
7330
4790
9015
2660
2122
5673
1406
3688
8603
9138
6304
2648
6822
4133
6236
1464
4878
6496
9471
561
2316
5583
7022
7050
3167
6353
8177
5938
8689
7626
399
9607
7232
2228
3845
7572
10
1183
9139
3093
8808
4829
1558
3709
7658
383
840
4219
8513
1216
2747
8554
5802
6
6718
1746
7767
1965
9492
5769
7495
5467
4998
977
8738
6697
5415
4593
287
8663
1454
3695
7357
6378
1753
7486
4025
3313
9391
2784
5512
3958
7425
7473
4879
1845
3804
7225
5510
2099
9804
8044
1690
3369
5597
3340
9830
581
4970
961
4968
6246
3931
9849
9761
9051
1197
9424
8253
9231
7721
4453
2573
6708
256
3537
8041
7525
6098
6893
2892
8190
9083
8188
8859
3409
2005
3988
781
8412
7656
3444
8343
8430
7815
9266
26
7576
7711
5827
648
4380
8972
6279
4378
5350
5471
4982
3112
2059
5299
2304
4483
8076
8068
6777
7163
5742
989
6351
7046
7208
8642
9841
1574
4276
6110
4143
8892
989
3511
465
9813
270
6245
8512
9217
2803
3810
3508
7938
7023
875
8721
3113
5351
8961
266
361
1038
2103
4283
6586
1359
8780
3439
5737
9130
4705
101
9239
1328
6089
2123
8548
4833
2490
4212
1831
9555
7560
4359
1932
7481
8413
23
6333
9921
6728
6223
5315
5844
3781
7854
8885
9227
3878
8454
1490
2806
2775
87
8098
3708
4268
6610
933
8752
173
8279
2860
4749
8435
806
3477
7743
2351
9105
2946
8757
7106
5816
2402
8482
4786
3395
7547
8234
3237
9321
955
4036
2722
9025
6780
7473
6261
8223
3212
1802
9089
7580
9747
8448
3362
566
7408
2975
4376
1141
6875
4773
5507
2733
5699
6958
7684
9616
8922
873
9063
2698
5515
852
7324
8824
2026
9410
4025
6004
1482
4128
5893
1143
9667
9525
6068
3953
5119
4219
5986
4572
3858
2095
2445
6181
8529
9989
3325
9821
9788
6645
9300
2338
2739
6391
2065
8895
1124
4538
8539
7998
8949
8371
9659
2746
8879
4363
3065
6174
890
3730
4496
4702
4886
4491
8840
3420
8406
1142
295
2037
6084
4203
6216
4836
4828
3554
8404
3276
7460
7173
2828
581
5680
7987
5622
5486
2435
9699
7302
4165
6923
7150
8931
6058
2149
4597
7452
8248
7550
8644
488
9982
4242
6501
1914
4746
2155
4822
7918
5325
5959
9789
8713
3716
901
3914
9022
6898
8868
3353
984
8707
3839
6129
5114
8933
5271
157
2687
230
6102
156
5725
8815
6684
2846
6338
9179
6073
875
3331
7612
1780
1977
8205
7133
8437
5215
5157
8234
5575
553
9379
4196
7659
1781
6142
8112
1386
2980
9474
1997
2134
7688
9222
5803
4063
9898
7031
8055
7575
9842
825
7993
22
3372
6926
1862
7924
7981
496
56
5000
4453
4654
5548
776
1529
1155
4903
6703
8225
7792
3093
1401
1333
5477
4091
2754
2402
3069
8538
8183
7101
658
5732
9728
1386
4173
4287
4854
4280
188
3405
2483
9417
6997
7681
3033
3673
5026
2534
8742
2128
1351
9349
2050
7732
6591
8689
7894
2834
9108
5521
4911
1957
1872
7898
3794
8922
5820
9390
7355
6867
48
2423
8037
4386
609
1983
4335
7795
1058
9080
7376
534
9796
6055
5749
1309
3682
1996
4794
5483
6393
2019
5171
4667
8493
525
7545
9098
3887
4111
7853
5635
5178
1875
2079
8928
1312
7663
7122
4608
4353
98
1776
28
8145
4377
2161
5817
2148
2485
5239
3824
4596
1872
474
8029
7251
3369
5893
83
4438
5237
3908
6946
1226
1740
5355
7921
3976
6821
9996
6018
4873
186
1129
6295
242
5143
6521
4116
8364
1728
6949
1402
8871
4029
1039
3306
1400
4049
1677
7942
1770
7039
169
9116
6190
4830
8801
6404
9021
4240
1840
5327
2488
9221
8950
4409
742
4178
7786
2108
6848
1777
1719
2710
8287
2505
8074
7197
701
2048
6520
9926
5143
2053
4248
7834
16
2013
104
5412
6341
116
5094
4123
9887
1621
8913
9650
5079
6629
2564
7222
6263
9568
1094
9992
5319
7459
828
3685
6756
1604
5703
6972
7720
1913
184
435
4973
1115
4393
8728
4074
2374
5766
6731
6682
7596
2822
6665
3591
8424
2118
4071
9484
9298
3663
5574
958
4255
2515
2556
1184
6419
8655
4737
4412
8121
6403
7973
1437
8478
4677
3963
2236
3835
3147
3889
3802
4362
3310
7723
4637
4163
93
8332
9486
1632
7488
8422
8250
4609
9477
717
8600
1836
7544
7654
3718
1029
2319
8560
1193
4848
5227
5113
3746
8154
1835
5648
6150
9774
1772
6595
945
4791
7919
7021
6325
323
5251
2780
633
7980
9723
6828
9001
3959
5363
400
6291
5493
170
2772
2043
4749
6530
9789
8935
4980
4585
1331
9796
1840
2271
8476
2836
2881
9772
3808
3917
523
1328
3395
5778
9538
7927
3212
5124
8399
6112
9787
2791
1434
9356
657
9603
9000
4552
6195
8261
8129
8085
1345
5738
3919
2983
8792
5708
1246
3992
6120
4187
1554
6482
5767
4164
6775
6994
2505
6822
3318
4664
536
8868
4797
8540
8361
2483
1614
8872
3836
8328
3576
5547
5787
2437
9982
7656
1858
6554
9134
7503
3878
4406
9992
5600
1236
4952
3589
6492
2828
2005
2046
9373
4942
3465
7549
2477
940
5379
4621
6309
4093
2373
156
7791
610
6006
695
3330
4181
9118
5136
5950
7687
5814
786
6129
8876
9197
7303
3409
8894
5122
6044
1830
6281
4203
604
2321
4887
7505
6716
6479
1932
2825
3409
1504
4250
2200
4990
5230
4256
258
2310
3709
6869
6096
1685
9127
2679
1419
3601
1742
8075
1211
7414
8971
6329
8325
1509
6406
5401
8373
8442
6676
2401
8657
4018
4862
2405
9282
1879
6675
4207
2073
9153
8635
2811
2335
4961
185
2518
1476
9642
3467
3904
4974
8403
720
5410
4437
5174
5924
691
8583
9828
5882
1816
5634
1307
8212
2077
6822
6722
3396
9540
6925
7535
6002
2058
8778
6159
3994
3364
1323
3887
3924
8730
4974
2771
7427
253
3297
9451
7967
4107
5955
5984
5623
2245
3270
6819
7177
1027
6749
8107
5695
4754
6246
3927
6979
7438
2401
8662
6632
8278
1180
2560
9367
4696
5903
7151
6841
2863
3880
7958
8780
7371
8755
9289
3584
941
1912
3756
8787
1958
8982
2966
6614
3215
8191
9170
2484
1046
5792
9988
7852
4634
2819
9688
2926
3395
6616
926
6341
6119
9977
4314
7147
8791
9327
8324
5999
6956
342
6037
5526
8644
9875
4673
9296
8214
5945
6151
6504
6733
4666
5795
7070
3891
106
4145
4552
9066
6363
189
4324
985
7415
2668
1980
4667
5819
7823
3888
9867
3171
5528
703
9754
4462
9207
4759
8145
392
4712
7450
464
4422
9608
1452
4182
7243
3255
8684
5181
3771
6932
593
153
1712
4541
1229
7207
2692
4628
2394
8121
2262
6636
3561
9138
5091
7315
9428
899
9386
6406
8673
1650
2739
3860
6562
7806
1215
7798
7423
2563
9139
8707
6095
6238
4934
550
8042
9920
7978
7552
5453
5763
2317
9328
8201
7785
6046
2313
9091
9928
3826
7785
5794
7364
8259
8942
7414
7852
7979
3422
5991
4894
7204
9830
8982
3555
540
7323
4203
4541
9273
9508
2920
1834
953
2909
9332
3410
5658
8776
1759
8901
8706
7495
8736
1353
2912
8730
7979
5991
3135
189
1941
4555
1560
558
8559
2487
345
4646
7244
8723
8110
4550
654
4318
4864
3960
6411
5349
9610
4003
2194
9202
1662
7089
6188
9708
1093
7629
642
1810
9344
8211
1405
9084
7566
8365
273
395
4350
6845
3065
1011
1531
3036
791
4155
6841
4418
6488
8952
2319
2629
6381
9132
7995
2739
2892
4471
4370
8850
1393
2716
4004
5434
9378
9898
3145
1570
6752
6499
3687
6015
998
2764
937
1182
7670
8626
6298
2032
2867
6675
1140
1690
9490
6714
1829
2272
1089
4827
5472
5801
6024
5500
5452
348
7007
6096
3658
892
1010
5271
7665
9989
5264
6304
1630
3617
8194
6812
5068
4266
8173
2338
5983
4717
1576
2314
5944
2663
8068
872
481
1924
1027
7885
9990
5498
7311
589
4175
1573
4967
5405
1022
7596
9009
1150
6425
3185
5084
8212
4078
4276
9758
1205
7628
3686
9516
734
8772
4693
152
994
2823
137
4789
5741
8962
7379
6313
6132
6305
7605
2636
3494
9299
2767
1315
8387
5707
425
5889
2758
7579
9856
6794
6204
2166
9821
256
6303
5981
6577
1816
9482
1421
3972
2581
884
2806
3268
2188
9045
6872
8951
1906
6472
1640
6263
1906
4860
2371
1129
5027
8346
8804
7393
3415
2967
3342
8585
3575
9140
7122
9
150
9728
5788
3153
2073
5326
186
431
5580
2438
8236
6843
5886
8627
7950
321
4563
5902
7915
5396
3932
4851
1549
3469
678
4027
557
9614
7542
4220
9693
3048
1923
6863
8800
2178
684
8486
4190
6580
4674
1940
5548
2588
110
1960
1507
4787
5017
3020
4021
7672
1225
1726
6076
5298
8179
2318
2475
8045
4769
572
2888
1360
2744
5188
4919
9022
9826
5772
9637
6077
1711
1334
721
1992
9303
8960
3359
8717
2520
5769
4597
4521
199
2020
1822
196
786
3502
3998
8365
6010
6145
1810
4102
9051
4188
9843
4921
7041
2484
4960
9244
3382
7944
5961
9890
1004
4083
5995
9218
8958
3758
5524
8999
5974
8367
1161
723
3366
4722
8236
6324
1773
1272
66
5566
9524
6619
2941
5114
9116
8438
1676
36
808
5352
1138
2254
6059
1932
9192
6702
7506
4780
9406
2252
620
2811
8127
683
3027
9120
1555
2318
4248
8636
7471
2110
7878
394
366
4385
1142
880
101
520
2081
5488
8191
622
7229
8906
4664
1433
5530
1533
8818
6992
1865
7813
4945
6712
8491
2258
2087
9996
6883
9358
5788
2172
7880
9027
4376
5664
1565
4806
5560
6625
4679
8886
171
5131
4619
7504
3454
4120
4455
121
6787
2714
9817
479
245
64
5448
3653
5894
8883
8793
104
3636
2723
9700
6018
2742
8201
4530
8999
9868
724
5972
2192
2313
2978
7642
9813
2092
986
8804
7967
5540
6761
2570
3073
2354
7400
8782
4312
215
7911
8911
6677
7832
4574
5249
7447
5431
8601
4762
5252
9590
5456
253
6062
6741
7625
8166
7267
2421
5634
1560
4907
79
826
4564
6875
152
6626
3664
5341
9419
218
8783
1956
1812
9295
4359
7738
7728
194
4382
3491
6224
3551
8376
84
6508
6507
6331
4729
9234
1515
1890
4581
6350
4004
6597
7006
10
8374
7295
8805
4936
9420
5833
9372
6673
8296
4250
7446
3265
427
9538
2226
1252
8069
8683
6528
2449
4479
366
3644
294
8935
6106
7904
8328
4202
5605
7808
2697
7353
7728
9353
2899
5577
8554
6803
7718
9004
3410
8211
2257
8885
1463
8806
1976
9663
3328
8281
5320
69
4557
5530
8007
3650
8510
6001
3314
7928
1044
2470
2690
6441
4748
5911
2699
184
9326
5675
9514
1880
8809
3444
1069
2154
1386
1408
7471
7299
5928
8664
873
7324
2487
2628
2796
2197
1346
9249
7066
2553
3489
9789
7960
939
5520
5815
4137
5551
6107
1791
336
7653
8766
3440
1259
1112
4461
5852
2263
7101
8530
6014
2000
2379
1596
5366
3954
2119
3115
501
8838
77
8608
6961
8391
9020
5484
129
6633
5571
7271
1919
1192
4136
8328
3220
8557
9047
1368
1684
7736
5493
6986
9965
4022
7474
7788
5580
9342
154
1861
2017
2436
5606
2953
258
9044
1805
5049
2239
5627
4332
9219
6692
9830
6611
4821
7864
4050
8376
6809
4906
751
1431
2764
3345
3091
8643
2939
916
1231
9903
786
6479
3709
5253
9483
5586
1183
8069
4176
6751
3998
9129
6056
3404
6274
293
135
7411
2653
9924
1530
966
3344
6954
1266
1004
2841
9607
7167
401
8866
4132
1007
5724
3545
2739
2982
4576
7128
9235
6680
5980
4199
57
908
1622
5375
9360
7071
2797
8508
5527
8263
1307
8373
9819
3135
6754
3987
8478
2745
1575
902
3774
7885
9865
8121
332
9858
3534
7310
5558
283
3417
3243
5549
6766
3286
6046
9644
5629
3480
2536
4370
1893
3338
5869
9700
7350
3726
9604
6228
589
8649
6490
5105
5078
425
2172
1043
3501
5043
9501
3536
5486
2949
5244
4845
8064
2823
3052
9848
708
4342
2849
9264
9039
6532
1881
4546
3995
8420
2981
6132
3930
1082
4969
1633
6926
8138
470
6341
1113
5002
6143
586
3978
8999
8883
8944
8093
1023
1636
4526
673
9755
5520
6246
5800
7226
6065
8546
8543
7625
7047
5080
2061
3369
9605
4404
7979
3611
7919
9925
2353
6711
8734
5705
8199
2262
5285
39
7648
2937
6452
2971
6783
8454
5459
4175
5562
8722
5832
9700
2072
1924
7797
3488
7955
1062
8524
609
9393
4479
964
4482
3104
1710
2173
3961
1020
9814
8046
3537
1940
6025
897
5606
1173
4076
8296
3606
7909
5430
8841
9256
7778
8218
7853
429
8913
5246
7750
7136
3737
4675
646
3169
1973
1970
9867
5073
6280
1497
3154
5747
676
2294
7759
6047
1026
2191
2314
3879
2766
4917
2700
3963
5637
1707
6704
4885
3857
1744
5048
5773
2064
909
9799
7265
5379
7728
3633
9202
4208
3223
7325
6411
2275
3094
8580
5483
459
1805
9403
6722
2931
3870
4370
8819
1975
6682
7532
266
5266
4981
1215
4536
6449
7380
3682
9766
2494
494
667
3297
8558
3112
9670
9542
7591
6288
1687
2542
3126
1220
4426
2052
2341
8326
2842
8194
6538
979
5290
8696
196
3367
3936
9227
2008
2789
9962
4895
9412
8814
2988
9965
1137
6105
8163
9819
4200
4828
1228
5686
4995
4989
7139
4045
555
9163
2195
8122
4538
5488
3227
1514
5204
1971
3101
5191
9175
442
7534
4802
6325
6792
3130
4311
8232
4461
914
6235
162
3022
3993
1710
9751
9603
3701
5206
6227
9891
8672
2844
594
1840
356
3924
5586
1473
4760
9166
3004
2972
644
3757
7293
6425
9361
8202
1859
2827
5813
6093
8249
5959
7959
1515
1494
1516
1763
5601
8269
7894
8963
9284
1770
4689
4208
4485
6435
9205
8725
6758
9700
1747
3230
7189
2378
235
4416
3326
242
5498
3347
3399
4077
2578
4595
4634
3880
8840
2429
4069
9710
9159
896
5110
4008
1360
1987
2603
2217
4875
1767
2653
4102
9054
6393
6501
2728
770
9137
1259
7100
8436
5359
2771
4547
5564
5206
9191
94
9573
605
7595
6776
4655
7047
540
851
8120
3180
1018
8248
1813
1109
5366
3731
693
9296
5023
6185
8094
1906
3110
9702
1170
6969
1273
3800
8125
563
8444
6153
2795
2509
2643
4270
4171
5877
9447
2006
5852
5650
4608
7589
8119
3010
5286
7327
9992
9039
3853
6267
183
3006
2000
7667
7495
7892
5605
7685
5774
6740
2726
7557
4736
4864
5452
9303
8465
1095
9559
4815
9848
3016
333
2443
7298
5521
1583
8159
1683
3946
3807
9085
6709
2177
5970
9788
508
4976
6775
6279
271
1762
6232
9111
2924
7050
2852
3254
7557
5982
8861
8897
9480
9037
6418
7166
2673
9556
369
1973
6308
7446
6002
1827
2932
3640
847
2558
8893
5664
8795
3489
4320
3279
4544
8086
6783
1221
9519
247
2668
8328
601
5700
5084
4910
9604
7671
5758
8804
7115
952
4606
4801
9971
2825
5760
4405
6179
9283
6202
294
4361
1893
7187
5372
4577
6200
4493
8332
383
1452
36
122
9305
7979
6844
301
6742
8021
4036
3176
6799
89
8548
7842
8882
9518
3308
1719
2325
2378
5041
236
4044
2374
3967
8707
8512
9711
333
3404
3178
7426
8420
5662
915
4484
5495
1991
5980
5458
7662
8157
5247
3026
3494
4271
3345
9345
6490
5058
2891
2773
6006
8005
6410
9800
6077
6931
4011
8137
1789
7030
7688
631
9997
9373
1668
2885
6927
4397
4022
1317
5738
6866
4715
6884
4989
1017
8880
9696
5362
9167
3221
5274
512
404
1420
415
9252
1115
8407
8564
7979
7843
3669
632
469
4615
3029
4120
2602
459
2418
2093
1036
1574
7034
9139
3289
9526
4811
5059
8051
4315
2774
2622
3809
2413
119
9593
7952
1253
3633
5811
5989
5457
3337
7895
3197
4083
6415
373
7988
4759
7093
4903
6748
1127
4238
8938
3369
2280
7125
9726
6304
3348
513
3663
5068
1047
6822
8055
4496
3435
6168
1349
6826
6606
6103
5578
8236
9139
5941
9206
3110
4437
7070
3291
7222
7871
5873
2681
8174
1181
6223
5672
4127
3906
9507
2641
4944
9673
2826
2150
7260
8359
5877
4553
8591
5743
8077
142
5024
8660
701
4230
6338
7919
6615
1867
6277
7221
6441
7197
5173
4141
9881
3315
7212
496
7222
2919
7099
3461
633
8563
6312
3791
1945
4751
8559
2517
4700
1478
9793
5730
7657
9513
479
1993
9333
6208
7290
7640
6364
7723
3232
5629
6976
3119
8478
2562
7340
8095
8521
5158
3043
1562
8027
2138
7918
2547
5973
1864
3307
3760
2520
4962
7404
9442
6483
367
2835
5219
1162
1014
5628
9458
7097
2910
5330
683
6814
8826
6272
5997
5176
6605
2957
4635
2687
6094
1486
8341
4074
6785
234
5426
4333
2604
5202
8269
8224
7534
6635
8110
9726
2121
6932
7507
9529
3584
4464
5117
6807
7234
5732
7146
5592
7309
8583
5915
2005
2768
6754
389
8881
4493
1144
4376
779
202
5125
4493
7707
7061
2458
9280
2190
8161
6271
3055
9673
5450
5105
9103
1629
6369
1534
6840
1053
3087
9833
7023
4020
9287
6264
5456
779
6246
9229
5232
976
2555
6727
9327
8458
9971
7409
9745
4776
6452
4956
7430
1038
5527
6241
6554
7662
7651
8759
2512
2959
4304
3323
7691
368
8102
472
8420
797
7001
8500
5943
8932
1038
2078
7117
8722
5778
644
1658
8959
1788
2063
4600
8131
2403
5985
8493
3045
9709
7793
3127
7487
6717
2273
6672
9231
9036
8958
356
9498
8989
8948
7774
7951
9012
8497
9999
3449
9124
7831
1884
7007
7100
3552
1170
2240
8723
9559
7964
2116
1979
5374
1087
9207
5373
8456
2215
8765
5405
7886
9686
6819
287
2159
9970
2840
4288
6648
9118
3905
5985
5044
3921
1877
5909
6120
386
3165
1102
4431
508
9476
993
8240
7519
3615
7861
8566
2578
555
6282
1234
8043
1238
8145
5064
6720
4941
3581
8330
7952
2074
440
4059
6130
6935
1453
9209
3298
9253
8070
9050
7662
973
7377
210
5826
2047
4640
6355
4978
5721
4070
8563
7623
4751
7000
2683
3732
845
9400
5445
9583
2771
6479
8433
9035
6934
2109
583
2161
8651
5268
3325
2485
7232
3571
7069
3860
7935
9238
4673
300
7226
3351
2230
8004
1877
6435
1378
9934
8769
5477
2453
9852
2625
9467
4890
4494
8944
1174
8891
9937
4056
4193
6327
452
744
6077
391
1180
9931
8822
5797
1606
4727
5144
2356
9420
4248
428
7157
498
730
649
3392
3173
2815
3472
9860
7765
8680
2575
4915
6760
346
4735
6244
3033
7024
1777
7259
5800
6044
198
3
9946
9680
846
5125
7480
7110
5470
245
8515
4017
8392
9206
3407
801
3154
7637
7271
6217
2626
2500
7356
3907
9036
1259
9991
8900
9323
2396
2470
3168
1357
4454
532
645
3445
3492
1969
8346
2379
654
3209
2329
6400
2743
1954
5528
2836
2231
3869
4140
9987
9582
3418
7698
2647
6039
643
9586
5134
8580
7787
3074
7774
5346
2659
3938
8674
2761
7356
9661
5667
8925
3837
1971
9290
5026
7507
6293
9305
4462
6063
7091
8526
8330
3181
1774
1035
2833
7998
7405
2849
2383
3212
3799
2867
134
4554
1053
83
8016
6854
75
4875
4208
8472
1062
5745
1446
8407
7620
8532
4350
280
671
2516
695
4548
9444
2165
885
2902
5840
4762
9950
6812
3284
5713
38
9104
9156
471
6453
6209
1288
7608
5988
2215
4317
9857
2118
6028
9589
4426
378
8872
8498
2102
2540
1282
2171
5586
5110
8888
9197
5114
1013
5312
4924
7396
5188
5349
5706
2342
9251
7148
2079
8140
8991
3062
6528
8479
230
9586
47
4856
3313
1413
4384
1078
8313
1181
3172
8755
6933
3569
5360
7565
7011
6174
6595
676
7291
6921
4668
6768
321
7246
5175
3229
6793
357
3111
9477
4754
3691
5355
5524
8840
4341
1801
9599
927
3846
9082
4007
2177
6951
5409
5681
1787
4513
1129
2817
6467
5852
1188
3309
4917
3278
4534
6066
6238
1154
4284
7956
8070
3694
4001
3242
8214
9836
8724
2670
4372
6995
9748
3445
7838
661
4591
3370
1837
9494
1442
2279
9228
293
3009
8902
2502
2046
606
5562
9806
5735
3360
9773
9561
1126
5937
8482
2949
2166
7467
1950
5789
8458
8444
9472
6103
7743
5470
4256
8686
1163
4228
6744
9712
2005
8728
7776
684
5099
739
6168
9230
3161
2863
8637
3634
9975
3883
6712
4724
6108
421
9670
2027
9491
6489
769
1849
3537
2798
4759
6575
6349
6875
8643
1506
6616
61
7556
2397
8160
7797
7849
1427
1298
2720
2627
5595
9806
5837
6128
3860
8758
9532
2578
742
4557
4717
220
5515
7959
5927
7146
2300
5980
9592
2880
6286
4220
7131
7018
9913
6327
4314
6563
8310
2571
8243
728
6771
3862
5174
2042
7700
6670
899
7817
6817
4297
7900
6948
1899
9840
2040
4438
2233
651
5549
5447
1706
9839
6341
1374
2675
8819
6214
7532
4443
2969
4267
8170
6314
3989
3448
1653
2784
3884
9446
5630
5081
1775
6063
1988
6319
182
5119
73
4286
9876
4329
7659
7022
2796
9022
6931
7520
3799
9367
8881
455
3366
3373
3848
29
9729
634
7910
6391
387
1653
8348
1204
9918
365
9930
811004885