6984
4134
1716
6022
7777
3326
974
4495
5095
9274
5565
4631
5272
5952
8491
3903
3366
8144
8398
8335
5545
9428
7979
9060
4665
8532
2547
7564
9553
3879
2767
5453
4866
1743
2172
8383
4003
8632
9455
3112
8474
8192
6443
6335
322
1471
6027
5713
2793
4076
5648
9018
1062
4663
3796
7556
6154
2656
1356
9245
779
3410
4941
1215
6507
111
9764
3529
3779
107
9900
4734
8688
5285
9861
7352
2985
1644
8737
3193
2504
6833
4770
5476
8231
3748
4391
202
7947
4616
2229
1347
7275
210
2332
5064
3250
5227
9827
211
1706
2498
1934
2685
4176
913
330
5776
4802
6443
4571
4509
3918
8162
6741
3946
8639
9464
2984
2759
5719
9562
5581
9162
7877
8552
7458
8478
2953
4796
4102
7757
1817
8526
1487
6
4899
2084
1300
7317
3417
8615
5400
1503
45
7720
7429
9112
3469
8386
6425
3785
2243
7068
4491
2144
6916
2771
4808
5624
3454
1852
2823
6
2341
6814
2692
5392
6675
6734
9046
6554
8164
5666
9341
7104
4161
4078
9117
157
1123
8346
5009
4566
8370
316
5513
4748
4034
9343
3090
2128
7276
5676
3862
1565
5792
5394
9162
3231
5027
2036
2437
6734
9339
9870
5621
6577
7726
7387
7982
2838
3653
4650
4500
5108
6842
8256
1635
2024
1300
7943
1358
7332
3644
6918
9277
2488
1803
7776
1311
8767
4915
5885
5130
9086
5909
8274
5226
8500
4695
8935
7022
6646
1360
251
8474
2626
1175
8754
4722
7535
3758
7137
1930
7084
678
5104
3090
2421
592
3132
4773
9949
6076
9214
7922
7768
9519
5414
9199
8568
3030
3135
7328
2364
920
4711
5971
3392
8444
6651
1312
3049
3054
3775
5009
7777
3954
8045
8408
804
5184
2804
7907
1562
4161
7072
570
2145
2329
705
3106
5761
9554
6153
4505
623
9809
9565
6163
5966
9133
9698
3976
3941
1820
1724
6895
2300
4205
144
3813
1473
7005
8395
3384
225
5228
5765
8202
3848
4141
3825
1062
7738
3544
5551
3494
6900
9270
4385
7968
4388
1882
2441
1671
5486
8828
3965
9742
2437
176
8269
7940
2184
6892
1632
8755
1159
2769
4279
5395
4043
1362
2315
1825
5307
8635
6238
397
6268
8229
9995
3029
9819
2175
9424
9591
4564
6724
7898
1397
1262
6022
5765
3671
5871
5885
8878
845
1911
6795
2335
4130
4990
8990
3925
3026
9567
616
6363
6850
2589
3568
3474
4208
180
5239
8120
8
7468
2041
4191
4435
4871
2882
4132
8020
5597
8643
5953
9422
9757
5392
8485
9473
5893
5865
8039
829
8250
6398
24
3948
360
1047
8807
7694
2548
1557
3490
631
7765
8869
3377
9870
2604
7900
9258
2108
4857
5905
7428
923
4662
6941
7093
7197
5082
4000
8314
4315
7200
7290
1758
1069
2017
242
4074
3824
4074
6438
5471
4040
5152
5321
1656
887
2014
8615
6868
7993
6606
5930
5972
2344
8969
9100
9285
3418
3953
1609
2611
8547
3242
9175
3431
474
7110
2308
7853
2361
3825
5433
8033
8418
433
3387
5770
9341
5284
6206
5183
6467
7132
320
7708
1270
1318
9413
2099
2917
957
656
9871
2465
3826
6923
797
5977
1890
1182
3777
9706
762
4507
4168
1173
7896
7553
1910
5582
3329
9944
8134
7746
6426
6144
1415
2921
1466
2160
9156
7696
208
4935
1404
3169
5561
5568
4591
3510
2590
9793
7450
4102
2428
5476
5705
2624
6152
6535
3373
3764
7503
6517
9587
1012
2521
2124
6038
7682
5507
7875
4511
9729
2025
6080
9497
5826
3102
998
5611
2328
2961
8400
2992
3536
2494
4031
5318
949
439
8791
6769
4931
8786
5392
193
3690
5348
391
647
3437
9529
6909
8002
4714
5281
7720
2076
6347
5979
9878
9521
5153
924
1045
802
9102
3525
6051
8518
8490
6806
5089
7243
6716
1106
9580
943
6633
5887
5807
478
2711
351
2174
2798
6052
397
8277
8254
4773
1955
8970
4970
560
9269
1615
4007
7741
4589
1090
165
9296
1873
2157
6630
4440
9666
1285
3607
5701
6777
5442
460
171
9400
6810
4802
8749
8246
4750
8705
5247
7796
3744
6534
7836
118
6682
7447
9491
5573
3201
2044
4797
5642
1181
837
8194
5543
8358
6385
9111
4670
2553
7996
6512
8509
4798
1159
2458
6812
5257
9494
9839
2385
4917
1499
8128
5622
8794
4321
2983
3838
4116
128
3575
3398
5663
4529
8219
5972
6608
3206
9888
8364
9593
577
5243
5748
21
9326
5320
5523
4988
2678
316
3706
2205
2411
724
9682
2709
2571
6748
4036
3402
5273
553
2425
4420
3114
2846
269
2940
6486
204
2050
9606
1474
2792
4339
6256
2379
5600
9468
9001
7459
8849
1438
9812
9869
1193
3251
3804
8536
3263
4036
6457
5852
4962
4319
24
2818
1328
6907
6479
5051
2582
8502
2473
8265
4100
730
9619
6385
3426
329
6971
7280
5035
5942
6424
9115
2613
4551
1921
9594
6464
4403
3222
6168
5592
3753
6512
8472
4315
3437
1051
8693
2988
3950
4876
346
8964
1546
5768
462
3631
7419
5110
2933
7065
9176
816
9019
7895
908
205
6777
4986
6884
8586
8179
5279
6304
2672
346
4218
1147
2069
9988
9277
8277
4292
1085
1065
6077
150
1066
8782
1458
5963
9045
9292
289
9103
6415
2937
7492
576
3406
3232
4274
3706
6103
5363
6697
5066
2660
8873
5421
6244
2484
5349
5122
3655
8787
4884
9731
7954
1818
758
9138
7994
3527
921
9541
8886
4990
7200
6257
7409
6726
571
8663
6755
5003
4571
8189
5721
4367
1010
7490
2192
3360
5214
3478
3696
4170
6633
316
1531
3205
9537
8758
2648
4093
6279
178
5181
5822
7811
75
5459
2616
8011
9517
1913
6686
8366
8652
4215
6694
4010
3586
807
3268
6946
4634
8313
7442
5844
4716
8356
6884
4725
4204
7188
1813
6014
2661
8723
4392
3007
9898
6556
934
2030
9575
5348
5696
1565
7010
5803
7981
6100
4836
9195
5951
7950
9380
7147
1645
1865
7738
9977
3095
1719
8575
7891
3807
2329
100
671
5704
9928
9823
3686
4111
7030
9872
1237
7370
9285
2616
5877
8834
8912
374
783
9888
5009
1237
3862
6633
5514
7078
2527
5269
9920
3461
9215
3455
1684
1541
3367
1465
6338
98
8053
6277
1150
5083
8921
8078
8143
9777
2360
9248
1861
1143
4182
1344
7791
8003
8798
1091
6237
4038
190
2850
7296
8417
4190
3568
656
7781
5685
7744
9249
4411
2496
8813
2321
4506
8738
9925
2316
5784
8490
5736
4717
3278
3407
8777
9278
7871
5663
3681
2742
2275
5228
2299
9908
5203
8980
2732
893
5352
7421
361
4091
4616
9998
7450
8646
5368
9022
3284
9264
8873
8775
452
5548
4453
8132
4017
5010
5413
4290
2785
2117
2004
5001
6973
9183
196
8905
7117
5526
6006
9032
6964
8363
8128
1645
101
3279
5957
130
3910
8848
2378
4416
3869
3500
4775
6751
5454
7071
4962
7722
5479
1062
4635
8243
2087
9615
3025
8266
8449
6462
1904
7758
3258
9840
1811
2089
7419
2808
8030
738
9052
5282
379
3936
9738
7587
1131
3473
4408
3445
3451
46
563
8283
3552
5901
3727
9885
9557
486
254
7690
1680
7447
6943
4620
1158
4028
1688
2685
9332
2645
9040
4224
8669
197
682
698
8504
4499
8483
9551
3858
5004
3011
1858
7194
4974
6288
5909
8361
7534
3250
7544
483
1361
3601
2932
6993
5118
6429
7102
1785
1722
4113
805
1006
6339
9614
3354
5219
3029
1380
5057
2002
703
3832
6676
4436
5085
7425
6183
7740
5778
4324
1797
9394
1495
3741
7308
6596
7749
3705
3386
8070
1380
7766
2136
891
2205
852
855
5360
2933
690
5332
6154
8193
5542
9779
7529
6925
8496
1908
7693
245
9362
6006
7398
2315
1410
9510
2598
2305
6758
7469
9323
7994
6986
621
2936
1696
5784
2231
4232
6569
822
4806
5088
8991
5643
1201
5953
3961
9779
9671
9253
1796
5692
7824
2018
1760
4738
8576
794
1341
8256
3054
6175
3220
6008
8160
1206
4920
6843
5833
1140
6264
7675
1123
9423
4556
917
8406
6671
209
3557
8637
2526
7087
8216
7527
2301
9162
8603
1176
6958
7208
1436
2891
8312
7767
8631
1868
2982
7483
9995
1033
7118
3946
8530
2988
4121
4569
8401
7462
843
6331
1904
584
7784
9619
528
9088
5004
8481
5858
2044
6316
5666
8874
3932
4827
4783
2810
1655
5925
9048
5423
9188
213
2523
1519
8580
8556
5227
3405
7731
760
1141
333
626
5303
851
5107
8693
7239
9542
6864
4501
1624
7951
4716
1451
5071
4598
8160
9337
1758
6745
1537
1794
907
2716
371
5260
8100
1947
531
9776
5076
8127
1283
5174
5333
8248
8628
3975
9676
4117
4416
6382
2183
922
7563
2262
7807
67
3509
3958
7066
4067
5972
4014
9604
8538
9719
2587
480
9847
592
5291
9011
7087
9425
3497
6668
9542
6117
6822
5970
4184
9661
7641
2329
5155
9610
9984
5153
8108
7453
8032
8437
6572
2710
1008
2154
7268
5570
6794
8528
6040
3495
9829
3524
9124
7370
5096
1497
4066
5594
8264
3950
6686
7987
2881
4406
8331
1685
4449
8927
9734
7434
2371
2394
2559
6854
2438
4377
8416
1342
9399
3972
9322
8294
9929
689
9831
4116
3205
7784
4514
8487
1086
2514
9188
4082
1750
8584
9829
6601
3823
5583
1120
7867
8794
8606
1123
7435
964
2270
4931
718
3080
2723
6194
4292
4627
8392
8058
2191
4574
4214
8479
6664
4413
1247
6347
9857
3205
8477
5103
3853
4548
1815
7519
3815
2851
1455
9499
1322
9566
2396
3151
934
2853
3795
5406
8363
6319
4895
9455
3358
526
7637
2026
9608
7103
4456
3454
7547
2259
1266
4229
2487
7167
1077
6170
1265
5203
2379
1441
3171
8892
6736
2625
2178
1062
7544
3811
617
5840
7983
3537
8310
9022
1744
3327
6910
9788
7911
6711
8395
8001
1952
9063
8300
8167
664
3767
1775
7625
4141
3160
3940
3454
6283
4465
3790
5012
9848
8545
9558
644
2837
1706
4275
7729
5919
3465
5422
7750
9260
1477
7291
5667
3046
5170
6940
7672
4325
4010
398
3777
2035
2991
1699
4823
9596
4856
2738
7279
9537
1898
9939
9365
7152
7750
5164
246
4787
570
2247
7199
8345
4025
8365
2663
5868
8272
407
1112
7525
6117
687
5838
8147
5781
8608
9845
7
9452
8132
1063
726
8142
8212
7361
1537
7926
8514
5295
6
6693
2885
3754
1763
3199
5431
8010
4626
9035
8954
1323
4448
1626
9754
3420
1211
4101
1218
1371
9141
5319
239
5334
2438
1184
6472
203
5812
1003
1126
7942
9757
5111
1106
831
3231
6932
4075
4947
350
598
5218
971
497
6808
6615
9100
8388
4792
6150
7436
6707
7143
6153
4686
6454
7551
1316
578
6726
5228
2197
3623
7909
1012
1566
9336
519
8922
188
4278
26
6271
1020
8543
101
9267
4836
5629
4569
7372
1814
1019
4852
3689
1234
2613
8958
6419
4377
5680
5616
3496
8221
5121
8400
1594
3062
9485
5242
7278
8580
9465
4604
1872
7410
436
6122
7609
4585
7186
2714
5687
6009
9353
3413
1177
8770
4220
9777
8952
378
4099
4545
4508
8662
6529
8049
5899
143
8506
6204
5351
386
7290
8791
2349
6415
2980
6278
798
6490
1348
1834
7190
2965
9929
7487
8867
1708
7222
2824
8842
9707
6290
6900
4481
4920
96
3209
881
2386
223
7466
6079
981
7363
5300
8718
562
1063
4762
5789
7941
8978
2461
9029
2265
7355
1542
8732
9042
9182
4190
2920
5681
7362
5643
4095
390
4310
7429
6319
9770
5397
8412
6267
3881
5754
6208
5602
4628
8768
8305
644
2460
7034
901
729
3829
7870
2216
7564
8554
4476
1838
3203
6032
4545
398
3619
1720
1205
8328
6251
3634
8443
6018
2544
566
6193
5147
6510
1146
5939
4104
273
877
3546
460
8647
6461
4913
265
2519
2094
9864
7765
5293
3558
5208
234
9336
5356
2588
3882
3423
440
2053
7009
4017
1015
8356
162
7635
2722
5705
6418
2614
372
1565
2326
2486
4084
1751
7157
6806
939
5809
4157
3770
677
725
8985
5357
5959
5811
1154
8557
2057
681
9833
8823
6536
6443
7631
8104
4750
2630
9796
6388
3446
5151
4921
1993
2882
7747
5251
3605
5430
7075
2483
4630
7895
3239
3339
290
9371
4805
1676
6911
4551
7860
556
9690
1731
3502
5949
7641
4119
9053
2055
8308
6012
7769
323
5526
5803
6991
2474
8211
559
7549
3127
4981
8197
5202
927
3296
3104
7340
8732
9945
954
2885
1837
5586
4594
5230
262
9380
1798
7610
9485
6377
5020
4174
8618
126
2916
7812
4487
2379
2330
3464
6351
7001
4733
5574
1493
6528
2574
2652
4536
6778
320
2109
7354
3127
5931
4737
932
572
6729
3094
6413
2949
8063
6749
9961
4022
6584
801
380
5291
2853
6353
7614
7489
6533
4835
853
9019
3737
3733
6806
9145
3073
2706
6056
2910
6820
5490
4195
8178
6880
3914
5650
9236
7051
3402
8938
7983
5613
7470
9944
1773
2272
9245
3925
3967
4495
9865
6593
1096
3884
1912
6835
2996
6288
7268
9875
5356
692
7050
7202
1094
6606
2201
8410
8939
702
8377
438
3131
5897
2869
3405
6267
3788
5032
6872
3828
8781
2089
8415
6954
8896
3098
4294
4968
7079
2653
2948
9782
3526
3581
7291
8563
267
8850
5167
70
835
4985
3264
6117
9426
3462
5198
1014
8506
567
9207
1255
395
6047
6575
8603
8635
247
2197
3507
7907
3441
1860
8049
5429
655
9605
2315
5578
4842
6000
4938
9865
6802
2992
3795
8824
2297
7528
5434
7899
3279
6461
6511
3445
1692
9387
7478
7005
8688
9927
19
6652
1659
2163
7393
3125
5215
688
8770
3856
2883
5436
3664
4567
4269
1389
3592
3054
2780
9778
6338
2719
6762
5607
4627
6980
5348
4603
3736
1267
2126
5309
6890
4914
5980
8285
8206
4639
5599
669
3609
1609
8757
1577
5016
7843
2797
1944
9176
303
5794
4424
4225
8909
3589
7299
9889
6052
7535
413
7777
612
6951
7503
1730
7573
8546
8749
8586
5983
3183
8953
7454
2110
6169
4728
3962
5185
590
6784
4182
3404
5426
3433
5473
7701
1084
7980
1324
8681
8395
2153
7103
5186
2892
2996
4657
1254
9847
7443
9296
4047
3357
3192
7119
6840
6969
2115
2740
8861
3337
4704
5461
751
6230
4373
5186
3518
2030
4028
6489
565
7425
9905
7588
1029
1850
2267
9218
3172
70
2708
5337
3147
7487
134
46
2233
6313
8632
732
8968
5240
2463
5343
3690
6692
6352
8956
8518
7810
1139
9224
5819
954
8730
6622
3451
5604
6089
4990
4701
2897
9567
8790
629
9367
2314
3263
6096
4326
2952
7204
3397
3296
7520
5325
4961
4562
3897
4337
5498
3311
699
5362
8931
3484
9518
2193
8757
3511
6595
6629
223
3641
6030
6071
5672
3673
4714
4323
4378
3089
2859
4192
4858
3935
5826
2523
3433
3405
1661
8889
1706
1752
9491
1390
2197
4205
9859
7144
9849
121
4506
2584
7731
6322
6980
9756
7265
1449
9653
1288
9847
9574
9959
2409
451
6507
503
4995
7658
6994
8759
5351
1850
7705
4923
8471
4149
4640
3873
1466
3814
7569
4473
4257
8582
275
6460
8536
6955
6069
5257
1984
3751
373
9042
2131
1792
7082
938
5690
3702
4863
9486
2854
1361
9154
734
26
1398
8508
5606
2625
7575
8187
7474
2277
5101
5702
3826
176
46
1967
8040
1588
1737
6775
1600
1477
8663
2792
6678
7067
3701
8183
7764
8950
8083
1619
2895
9428
9541
6434
7137
8446
463
2631
4409
5564
2899
6764
7030
6090
3256
761
5643
1734
6822
7898
1117
4586
7553
9257
1363
8605
1830
8539
8923
9392
423
8523
4194
3481
2806
4397
635
3612
4829
9594
1124
9105
2366
6036
8577
1898
5762
588
3810
2939
2539
6029
2127
184
501
8309
1875
283
5071
8531
6616
1924
3707
5017
5140
4375
2570
3548
3283
8858
126
2031
6905
7228
6773
2011
2219
1517
679
9464
2843
1241
4728
5983
6852
4394
6395
4009
2980
4497
2522
351
8541
6298
2978
9200
5397
7349
895
4202
9327
2214
7305
4951
2813
508
9124
4899
3411
8490
6089
358
9604
5606
5688
5374
7195
7723
8164
746
7980
8561
568
8786
6336
9775
3490
606
4250
7572
6613
4870
621
6477
137
629
3936
9776
3170
6344
5269
1496
597
4489
8407
2163
747
2934
609
7603
2005
7674
9184
148
6222
766
1646
8518
8614
3038
7017
8517
649
5838
1876
1219
9736
3127
5468
5058
1437
7418
4553
1820
5477
6483
7963
6078
378
4173
9027
555
9996
6646
5567
8939
5686
473
255
9371
8983
5417
1162
132
9326
6752
847
4759
2613
7188
2427
7619
7466
5551
6165
4586
3120
7364
4671
9738
2802
5567
8140
4441
4010
6462
8520
4002
271
2936
5533
9263
2872
6097
6075
6020
6256
4420
2493
8724
5636
3204
3464
3190
1745
1408
3089
4445
480
980
5819
8321
5801
516
6568
3415
7277
6720
6122
2864
8232
6844
4487
9677
1655
3164
4747
1368
9475
145
8330
8699
4871
5946
4101
9597
2103
4949
2696
2602
3373
4074
3522
9290
7117
7211
3461
2355
9528
2660
8742
9536
8298
9629
492
8792
8716
3787
1534
8581
6660
1720
4969
335
2650
7119
3450
9854
6415
6971
1311
2327
4024
3520
9490
4157
3322
5197
2559
4443
9703
2391
1840
6815
1402
8793
400
5241
5454
5308
880
8316
3414
4114
5941
1652
9104
3186
6639
9998
3761
3606
5939
2557
1348
6415
5511
4778
138
6334
5469
3519
1227
7091
8878
4268
9880
8153
8932
3856
6718
8208
4399
1106
6090
2995
8912
9909
7578
7837
5052
135
8557
2561
682
6096
6452
9282
5467
4987
3281
5622
5103
9120
9839
7361
7088
6323
5236
1672
1772
950
4254
2782
3279
5552
9206
4832
6467
8352
7502
5602
7199
2300
1281
5334
4962
8665
6408
2781
7816
598
2686
3945
575
1096
3105
5279
1267
8728
5906
2588
4672
5906
6065
4102
5881
5774
9282
5130
6890
1619
2814
7115
7484
7679
8422
2802
7839
4504
2398
8423
9915
2455
3855
1174
8264
308
2207
2183
2446
3927
3565
7738
2445
4913
930
1293
6235
7179
9453
9188
9383
1277
5890
6197
7783
5571
6461
2896
2674
303
7440
6762
6330
7483
2673
2216
2051
4890
5837
5572
3566
7098
2683
2963
8053
5076
4669
2570
6749
7128
6566
659
5051
3209
9039
8638
6564
7657
3391
2693
3847
9311
9509
2143
6486
6802
1407
4961
2240
8713
9241
1344
1341
3880
5622
2284
8593
2927
8143
2706
901
3890
6147
5545
3736
6780
1711
3120
8444
4035
5652
4393
1499
3144
1724
4254
7589
540
6476
1251
3668
9707
329
8035
7887
5222
9318
1171
7587
6754
44
3636
9514
684
1791
9957
3164
3963
8406
9706
5091
8287
6517
8205
3060
4847
9844
8197
2156
1367
4695
8052
6451
6892
9038
1193
3560
8111
7657
8514
7462
540
5532
1689
3990
2015
4879
815
1352
1767
1090
3625
2134
6770
6159
5381
3190
2123
4974
3039
5377
1120
9014
6220
2059
1991
7185
2621
1646
598
6396
5053
6305
9892
2243
4551
2754
4827
4214
1045
9968
9029
6845
388
277
1069
5918
9680
732
3657
8003
1437
3136
4618
3136
6341
1525
9312
9630
1999
4829
2257
9168
754
5370
6036
7320
2241
4526
1608
2626
8362
7908
3929
3071
6347
4275
8625
5943
990
6072
7505
1889
7988
2594
4959
1917
1687
6755
5902
3026
3442
5197
2215
6216
7710
9860
6090
5017
4240
3749
3677
5154
9124
1030
9641
3528
9207
1546
6788
2065
2899
3368
8640
5926
7324
368
1180
8160
411
4119
5632
5485
8624
8582
9184
3164
5693
7713
5361
6486
8184
3608
1703
7240
2395
2351
2765
6958
2952
1430
2710
140
9966
3836
127
73
6557
6288
8891
7341
8680
7930
4606
120
8116
8191
6530
541
1845
6476
7834
1493
6185
301
3880
9291
1665
1399
3531
4973
7603
4221
5207
8980
1409
5492
5519
4787
8455
9111
6607
9404
8821
8019
7806
254
9001
1582
9124
4204
5821
2223
5112
6475
3596
1216
3954
9664
9955
835
8408
5157
2756
3918
9737
4459
2723
5625
8711
2624
2671
1742
2086
2734
9869
8429
2672
8166
2495
3626
289
83
2275
9327
9152
5380
9108
8731
5384
193
1537
5854
4831
7619
702
1449
6648
4902
8281
3347
7531
3376
2870
6499
1532
4078
136
2378
6606
5166
8544
5788
7169
6329
546
8324
2882
3429
4766
4357
5350
3991
240
8518
1087
6817
6910
4467
2031
8419
1781
7769
9884
9148
6095
6912
7212
5775
7795
5073
5243
6730
2125
218
1649
5748
8685
8502
7072
2378
8567
3218
136
3924
7997
3539
3135
4352
5412
4714
7167
5669
346
8186
3384
774
5904
8020
234
3633
1112
7107
5634
9692
9114
8619
1866
22
6869
5338
8132
8408
7394
9653
9852
8563
7632
5960
1151
2555
3776
2860
363
3080
7905
9573
6384
3938
6833
874
9844
664
8268
3439
1265
1459
7584
443
4809
9378
1673
3113
7483
73
6582
8758
8275
692
8333
4821
3142
9943
6869
7678
9856
8252
6744
2553
1786
9541
2234
7927
3188
5995
5493
7467
140
3955
8387
8392
978
7188
1150
1773
882
663
5376
289
6498
9147
1297
5691
5604
2011
7732
9900
3795
589
3582
3013
4715
5030
8657
5268
7143
3745
9924
1487
4580
9114
8618
4320
2304
9941
3843
5953
8793
5096
6795
9193
2875
6454
6055
2639
8243
6542
2322
1176
8263
5592
3672
9550
373
5374
3676
5948
8531
5881
4629
7136
738
3889
5708
7383
528
6976
3387
5663
8168
1778
1107
8698
3794
4388
137
8261
8974
6017
7024
601
1423
8747
3224
8987
5442
9067
3947
6929
6264
7894
7421
2911
467
9659
8455
8986
746
8672
2111
1267
3155
6658
3007
6484
4484
4973
5756
5984
5237
5415
6973
2514
8857
4028
5713
1990
664
6721
1941
1460
3029
6457
9399
274
4356
8196
8231
4134
5933
1151
7514
302
3906
5757
7445
4764
5739
6740
4502
468
3311
7963
1692
848
921
4907
4054
6439
3946
6464
8322
4024
6731
650
8237
6697
7258
2733
2127
6288
6742
1621
51
4085
7900
6671
8607
3099
6582
948
6250
3923
2218
1472
8149
5065
4764
8551
9352
9449
4141
1792
188
9469
2829
3490
3570
3256
7519
747
7505
3006
4612
8213
3725
1690
7911
7607
2947
4250
6300
955
9856
2998
213
4398
1806
5258
2501
3172
1933
8707
3381
2678
2147
4950
1432
582
1256
4410
3100
5351
5579
5834
3442
3244
9311
4004
7746
6459
7154
7157
5604
5102
3149
3186
1935
7190
9255
8431
1683
8312
754
4347
8814
8798
9624
1934
6066
8775
257
7329
6350
8536
1150
948
5375
4022
9555
6968
5086
7802
7511
6041
6017
4776
3103
8279
9529
8960
3014
4241
1326
2824
2727
4787
4596
1231
7019
4643
3619
7376
7937
8971
6201
9824
806
7067
3951
2200
7810
7912
7634
2286
3344
3881
800
4713
8329
4037
5695
1345
2404
7106
5761
6015
6002
3525
5808
6362
6351
4144
7002
4912
3349
7709
9864
8540
9840
6193
3970
6035
4327
7328
1149
5101
6606
9040
9480
8845
3987
9883
2901
2981
8948
2274
4972
831
3209
186
3821
7280
1258
7589
5848
3666
910
2722
8937
5634
4017
2259
4872
2136
67
9660
7018
5076
5956
659
9408
6962
4045
6963
2375
6468
1242
4020
5963
1074
2737
9033
5330
9653
2372
6690
4776
6737
1480
7482
4191
3884
103
3846
4828
1727
5010
765
2914
9287
5255
9895
4874
2550
777
6859
3234
4295
5214
9380
2424
6889
6758
7862
2896
4984
6929
5218
9764
3377
4884
280
3596
8473
6467
5524
6859
199
2134
647
1457
477
1106
6676
5818
2842
4158
2780
8876
5512
3455
480
1523
2099
5058
7302
7125
2240
949
9844
4798
9792
1001
9536
4403
4975
6299
6400
6082
5253
9999
3035
2161
4566
7922
1946
5782
82
2043
54
825
4148
6342
4251
9922
4403
8756
1496
3414
9165
8398
4618
9249
2289
5849
1665
9476
1570
2272
843
6542
7757
6697
3622
5513
419
8318
6957
4177
3112
1519
7042
197
894
9019
649
3449
6749
9614
0
6218
4803
2985
6916
6854
5381
3785
9872
8716
6257
2470
4212
7810
1199
3512
3067
7450
2720
8738
9502
6085
1799
7319
302
7646
1356
4421
8355
3270
5200
8216
2726
1956
2272
4625
1738
4772
9781
6767
131
6634
8446
8240
7919
641
7307
9232
8997
7382
5951
3198
729
8011
111
3915
4418
7484
2683
9270
5498
960
5430
6601
3516
8041
9743
2256
5538
6574
1773
8295
7669
5952
8606
2867
7638
3558
9399
9660
338
2124
5423
972
7318
2001
7486
4715
1844
8357
206
4254
2088
510
1269
9171
1204
1844
4724
9878
898
5050
3693
2423
5608
7656
5528
4776
9405
7243
6276
860
8084
3022
8931
3374
5536
4457
9283
1514
554
5028
411
7181
6367
7519
6206
7159
4682
9434
1663
5794
8833
9520
8762
5287
8430
3000
5363
9661
6473
2709
5309
4600
2080
9346
6169
9066
1579
7894
3635
6746
2560
3210
9324
5869
4639
6512
6055
8089
1450
8369
94
9970
5580
482
2026
8564
4260
3643
4944
2535
9094
9621
5040
7844
9718
5811
5100
7020
1350
7140
5580
6788
5799
4917
3233
5623
196
2892
648
1918
6944
7274
8211
8103
2615
5339
9020
1598
7320
7605
4806
7935
2950
1099
7651
2939
8169
1480
6150
8827
1411
9035
6738
4310
2789
3305
4170
662
7248
6403
8367
1367
2994
3025
5591
1820
1409
6936
5228
4379
6791
3502
9700
3745
2333
7644
3837
4699
7265
293
7453
8715
6742
1821
506
7909
535
3901
5314
9310
1168
8357
4349
917
9237
3438
4940
9925
5508
5831
1529
1232
6252
1771
2036
7909
9334
2993
1976
5144
9468
9471
3397
6954
8949
9652
4624
1173
2518
7681
1284
7508
1622
5918
3210
8433
9152
8783
4508
8894
2703
3912
9191
1433
8764
6220
2463
4970
9784
2597
8574
7541
1925
169
9841
1697
4960
7395
1967
9584
8814
3767
7406
7826
4546
4021
9610
334
8560
3602
8757
551
8485
3081
2441
5556
279
1963
8190
2729
7188
9653
1388
9921
9106
3743
5582
1452
6076
1513
3473
1756
6816
4923
80
8936
6506
1364
6886
4742
6609
2129
6409
6181
3840
8023
9056
8843
7728
4285
1417
2996
9204
9238
2396
9160
2378
7485
8720
803
8438
8158
4257
7047
129
7000
3735
3562
3000
3505
9050
8915
5076
3447
6119
5059
3243
5207
6080
1083
4687
6738
3724
1791
95
477
2552
7577
2526
920
6557
9020
2644
6082
6304
8451
7872
9362
6052
6839
4288
5493
5843
4222
5234
2502
7919
5756
3118
7337
5916
7171
1404
7637
6116
1699
4433
2465
6952
9651
4447
6157
1035
2080
6947
29
6271
8993
7143
7667
7187
3881
9154
9240
6794
9193
895
9501
6556
7593
2557
6795
4458
5189
5004
9386
7616
5007
9966
4604
4018
5406
2409
6400
2392
8131
4458
3763
7275
5205
6231
8925
8613
5451
150
2034
8016
2163
842
6923
804
4932
5909
9359
7093
7651
1698
5845
7075
7561
2412
1263
9027
2538
3648
1781
1472
2753
6848
8663
4734
7132
2226
1351
1362
3632
8182
9007
5039
2969
1369
5453
4164
3042
3800
9085
9496
3050
9307
4740
6432
8613
6687
9714
2793
4967
9897
6074
1802
8369
562
5263
5314
2178
2189
3671
2706
4558
7996
3461
9469
2691
805
4105
6191
6958
7098
5985
8738
4562
2284
8421
3446
2108
2230
6120
444
2511
8557
6394
3734
2108
7204
6670
2407
6106
139
1986
853
128
6379
4938
5053
5845
5271
3741
7807
2582
3522
5834
7868
3912
7335
7239
6084
2141
1816
3205
9948
6068
3227
194
6000
1602
9726
7360
5486
4135
1698
85
6819
5112
5131
8609
8183
7346
3367
7600
6837
8488
8313
7862
8989
2723
8526
9822
4772
9964
586
266
4289
6933
2037
4784
6901
6185
8937
3451
6118
7910
8255
3672
883
3436
9015
2755
8780
8726
9056
8738
8773
4215
6368
1459
7755
5364
1204
3276
3075
9904
2587
5522
3548
1431
5796
9885
3074
347
1707
1997
8408
9916
1482
8926
233
4640
6978
5552
3708
5770
1041
6046
908
1847
1493
73
565
578
7029
1536
4980
5661
376
6213
5322
2733
123
9452
7640
9129
9680
8433
7018
7058
330
8857
2733
7441
1226
3114
8385
5651
9568
7304
8863
6541
4613
1701
9938
5722
9320
2496
3317
170
7017
2747
9540
5268
3603
7500
4516
7526
7912
4579
6090
2608
9027
3849
1517
2635
7340
3123
9351
3914
3150
9329
6092
3071
7350
8781
8119
8422
9513
1917
9808
7184
5116
6847
41
7582
9317
7465
3838
3726
8597
859
7739
4989
1214
6254
7514
764
183
7303
8382
6197
3144
9402
7019
7688
6654
6468
7917
4822
9380
6094
8013
5994
4770
8905
7492
2179
3808
3934
3318
9875
9284
5625
5316
2291
1589
1103
1856
1095
1266
7354
8239
2210
3535
3611
4039
5713
9827
2353
928
2848
9547
9015
4345
2503
2846
1744
218
2308
8762
5334
6956
6248
3984
8507
6912
7519
4085
4728
6098
5550
4612
6821
3555
2025
7854
5802
2459
1159
4866
1778
2351
1455
3006
469
327
269
1280
2813
9445
9845
885
9547
2333
5932
398
1990
8225
5027
6698
6520
1628
5099
6254
5377
8236
2726
5460
2319
4648
7043
9285
9058
7442
6984
2983
5501
3242
3514
8180
6643
6239
1272
5283
6252
4665
5064
4488
7623
1626
5864
7576
7431
4461
8346
150
7251
5200
7628
2233
7601
4808
8960
8164
2401
559
1826
2105
5348
2949
4897
8747
4710
6847
55
281
355
9816
2
712
3171
8237
7837
693
8784
9466
1854
4597
9095
6833
5731
300
5613
1281
578
1834
7278
3108
2881
5692
2839
2959
9139
4673
6729
7116
2866
583
4405
8065
9794
7435
5198
6916
9061
9363
6971
8267
9379
2934
8705
7228
3009
8515
7218
4596
3134
3429
6269
8220
3002
7247
6934
4309
7873
212
9098
3163
3963
1667
6600
1270
191
1030
7038
8295
5102
8697
2219
1214
4863
9011
3728
9947
6986
5610
9949
624
7455
2132
3982
9436
4314
6185
5062
2547
500
889
9043
8849
265
3808
4303
7711
6333
7435
7036
1978
1476
8922
9494
4436
1209
5054
3357
3990
3519
6987
7322
2262
263
8474
5707
1831
7685
7163
6956
4006
5967
4491
7794
4213
9654
3369
949
1054
4708
6016
3613
9551
8573
7970
9147
8533
2637
9546
8226
9259
2827
1072
9028
3513
3566
6780
8586
1791
8100
2471
26
9170
478
3029
6010
6984
1127
5280
4781
7839
4105
2302
9281
7502
3373
7770
3688
2292
9326
7174
9194
8139
8936
7697
1178
4895
5463
4281
646
2874
4783
9157
2954
2237
5989
4443
9073
5543
1959
2162
7405
7356
4764
386
5154
525
1790
1525
139
5796
3091
6293
2465
925
3277
1887
233
2781
1851
1115
1521
6846
4634
1907
3056
4947
9347
7044
1512
8930
8697
8144
333
7163
9768
1837
3375
8549
2542
653
3104
3937
4141
4850
9782
8490
6692
2028
8960
4102
4210
6291
3692
844
641
559
2722
2856
7330
206
1177
4746
13
1209
7099
4946
5960
5302
1156
1439
8512
1683
238
1197
8010
7584
2705
9784
2125
4565
8254
7319
8083
7410
4720
2405
4452
9489
6521
9209
9115
518
1219
2335
9475
8358
3924
2931
7750
4835
2529
1390
871
7520
5590
2526
6053
2495
2833
3056
7854
2938
731
2764
1952
3858
6663
2602
6489
4693
494
6471
8780
1947
2324
7993
464
7902
1721
9652
3659
9773
2033
7289
2036
6864
6447
562
1819
2193
6351
1957
6655
3465
1355
6176
9787
8454
383
5617
1694
1321
6442
3056
4341
6058
2609
8924
5196
7596
2062
8150
773
3180
9396
8080
904
3442
728
5087
7411
6100
783
4295
8341
8537
9815
5315
591
6147
8206
2010
7518
6104
7957
2338
3331
8976
2947
5977
4254
7522
5366
4223
131
8201
1183
3475
4068
3275
5272
6345
7725
5296
8206
5594
538
2146
4714
5803
6243
7294
8333
9049
9390
51
631
4668
5222
7058
4749
1928
494
4751
832
9888
734
6559
4163
140
7353
6340
1247
7316
875
1860
4284
2222
7898
2363
1800
1184
4261
7143
9733
6960
9189
6317
4832
80
7569
6514
8252
7009
8525
3343
5851
2973
4463
8317
4860
3978
7982
4574
8450
9903
6047
1016
8173
7530
5766
8409
6770
2859
5258
3564
7667
3350
5017
3872
699
4417
1727
4083
2571
838
8087
4237
8790
7531
6009
1310
7758
9580
7503
7821
3201
9687
8693
9830
912
8172
8143
7302
4313
9159
9744
5392
1751
4961
5676
2500
7956
591
7617
442
2251
3898
2002
7611
1815
1810
2226
641
1520
4455
650
7189
5356
7436
362
7980
4656
5186
2959
2527
6273
4425
9770
3411
1094
2694
2485
3829
1855
3508
3354
7167
1963
7060
5570
9302
7684
1081
8014
9102
5946
7501
5781
9857
8508
2554
36
4314
4598
7696
7843
2769
7631
5090
4169
7825
4128
8591
6517
9121
9324
8396
8785
8011
1101
3483
5226
8296
1866
1059
295
3574
7172
3857
6580
8771
8643
9913
4902
8539
2658
8171
9230
4159
5664
584
9535
6872
2891
7744
5174
9093
4564
8893
9778
7549
8715
7769
8755
5025
7328
1740
2448
3538
7400
4269
5597
3774
8509
5397
9182
4215
3688
7977
6463
1152
9166
4626
2347
516
3947
8353
5405
4121
5885
1202
9010
8278
4078
9031
55
873
1157
9877
1211
917
5723
5691
6759
1395
4987
5761
8363
7493
8561
959
5404
6587
2430
8625
8383
4089
5422
8239
1077
8975
6335
8326
7653
6197
5259
7319
9695
9478
5341
8309
3057
3811
6765
5545
5429
3474
7867
951
5529
8185
9990
7911
5560
4926
5798
2422
5848
5452
648
5966
5450
2918
8799
2236
4582
7396
8038
561
6136
7668
6065
8884
2152
252
7901
1592
9821
6885
3196
4908
6222
4471
2709
2891
8984
8424
2766
2726
399
2836
1470
4243
8830
9375
2858
139
5012
4529
962
8032
5435
7306
4814
7861
2120
1105
5758
5307
7025
4205
2601
8962
2255
5739
9744
979
208
5907
3251
6158
4630
5311
161
3300
6197
1822
53
2777
7393
7761
6580
5291
5922
5163
9472
8916
9656
4848
771
7879
2665
7458
5701
6194
234
2508
1987
3091
9630
1879
9931
9105
1278
4804
3401
124
7144
1514
1664
297
1052
2981
7913
9263
7624
7309
3040
7092
6266
828
1322
5360
5135
5372
3493
7172
9609
3967
3065
3689
9835
6962
3146
5514
7830
7475
4013
1117
1762
9348
1771
8141
3183
474
6826
9683
9544
6437
8569
2925
9467
4895
6824
8802
556
4570
3969
5905
1311
6229
514
3177
8449
7975
462
4090
9835
2398
1433
149
3295
1922
5329
6917
9056
3181
2176
4660
8545
3809
7627
3172
5397
139
4221
4940
137
4343
4958
3259
3505
8108
9806
5532
8834
8594
9691
5208
12
2736
9847
7146
5004
8420
9629
7544
9565
9907
9746
7374
2393
9308
7360
7501
8601
7342
7779
8309
3753
5522
3952
5492
7440
8173
6643
5187
2116
9796
8082
462
3489
6968
4648
5808
3962
481
8167
6976
510
6676
5374
229
4597
7583
866
4197
748
2305
6930
1492
814
1382
1455
4490
8784
4355
9705
6830
1777
4441
5428
9768
1824
9283
3885
5425
4660
1551
3539
8120
9174
802
7799
7076
147
3722
895
9857
7307
2446
4439
9811
2865
6590
9647
2107
5513
158
7024
9606
775
1337
5199
6068
1248
5605
8405
5313
3698
5440
9537
9196
8766
8810
2318
11
3582
4378
4342
5061
3460
9848
9522
9331
2
5616
6902
5234
9636
1778
9912
4501
4526
3932
7344
7837
5603
1731
5828
4541
5317
5581
6158
1866
2908
5242
1045
4055
4271
9635
8524
1134
5815
1963
6146
927
1814
5868
6066
5631
8702
3170
5677
1919
5528
5035
4670
4833
1465
4481
4408
1851
8550
9800
9743
7878
3689
7655
6422
4759
4571
2847
963
0
3253
8777
8685
2562
7785
6417
6022
9734
5665
196
5838
2147
9904
4239
6338
7873
572
6211
2589
9790
5226
6673
2584
6014
2220
8268
7237
4158
9446
1306
1060
5855
2207
5677
8666
6751
6350
2107
7048
5048
8458
4674
6185
8353
3962
7595
7974
9450
1317
8549
4186
8360
257
1172
4773
6579
6192
2670
342
9517
9179
1864
288
4358
9136
9983
9939
4227
5572
9587
1523
8465
9162
7541
1331
552
488
4230
2052
4624
294
7787
2840
896
7119
2699
5597
1034
903
2087
558
3679
1764
7531
5869
6594
4385
1826
9217
3979
7656
3746
3877
1730
7025
5721
9197
2716
9841
4220
6091
1962
617
5717
9222
1391
9023
9391
7238
6436
4385
8905
3323
3485
9028
7843
6700
1631
1671
4736
6167
8661
5012
8073
6968
6547
3909
1110
3871
1398
3502
2881
1192
6683
5995
8595
3061
6047
8308
4477
7571
4993
4588
2781
9593
8750
422
392
2701
9182
9021
7566
1045
5104
8053
7429
6949
2543
8749
2675
7482
7913
5520
5840
2934
1504
7712
6640
7489
432
4781
653
3322
7193
7165
1173
4073
2231
8480
8217
6124
3516
8408
4688
2377
5936
1836
6088
8629
8565
1646
517
7297
5633
6995
9657
9473
8747
9846
8089
1038
3782
2903
2268
4400
8368
4243
3851
7939
6880
3356
4717
4063
531
6550
3965
9504
831
3462
6998
9668
1624
8011
8923
8786
4264
3355
7688
198
7507
1699
5325
2384
390
7179
2342
613
6139
288
4009
1692
7984
8148
1748
5209
6928
6453
6766
9083
3030
153
8641
5284
2848
8421
9413
5771
3979
3482
136
5012
6554
3653
431
5180
8031
2332
3673
3351
4207
3351
3365
543
9453
5305
1683
3475
6262
3714
1857
7810
6588
8605
7167
7354
3058
40
9536
1969
7766
6571
6633
2657
152
8996
5137
4331
7717
6568
7178
4596
2780
3415
4875
9678
6787
8098
5830
7543
6737
5938
9509
265
1624
2325
8424
7948
6485
3077
2122
7990
2796
1703
5585
7636
6718
707
391
457
167
7351
5758
9693
6535
7261
5029
3173
3730
7489
566
4960
4209
1992
5231
1827
7062
6367
1032
7826
571
7188
7846
4639
4445
9187
1799
1077
7829
7238
2960
6080
7706
5373
7375
9386
179
9815
3730
4363
7296
5251
4218
8995
2510
7162
3780
803
6472
3757
574
350
9675
2564
9885
2978
9505
1118
5248
7348
5461
3952
5343
6492
4528
4486
7253
8836
4617
5845
1648
7247
2637
6668
529
5320
2970
8850
2129
7283
5407
996
4604
4072
6664
2609
6404
5142
5487
4396
9881
9060
4566
6381
8902
3344
9907
7726
4467
8024
9908
4944
6186
627
2108
3327
7712
3006
2034
4565
8
654
8989
7964
1940
4465
9347
1270
9828
1919
8081
2111
3348
221
5963
2587
2680
6255
7766
7185
5412
5244
4383
4104
7374
462
4810
3977
1963
3336
4896
3397
3107
922
4388
9226
71
6601
4440
4436
3996
8636
7897
2548
9942
7797
1595
5964
4663
9521
646
1457
5240
4849
9152
4763
6270
4884
590
1478
9655
5370
9307
6491
7022
4684
9004
2426
5833
6737
2516
6078
1814
3329
3189
6775
7346
1835
4162
9576
8867
8845
9314
2442
2689
3439
8157
8257
1770
9624
2955
5186
6011
2962
4781
8626
9329
1406
5525
5258
8793
9169
131
7925
7004
4568
9642
1910
1660
2376
7416
4435
722
1013
2611
810
6055
6865
3801
3582
6526
746
655
6208
3781
7330
67
8851
8548
4562
7446
5940
6309
8903
783
9697
8713
1388
5437
8121
3797
6247
6597
9393
2207
8520
4463
4998
351
3971
2570
2463
7604
1943
8731
8046
8513
3923
4144
9674
4501
790
3362
7097
4929
1476
8125
1818
229
2913
2096
4667
1428
5679
9785
279
4148
1262
4000
5261
2866
5068
8499
4576
1991
4982
8335
4366
172
2737
1183
4790
7243
5762
3620
3006
2884
9500
4463
731
394
2644
4768
7438
1874
7903
1035
1925
2158
8452
3897
7251
9922
8883
6807
9432
2290
8785
5105
9947
3141
3759
1646
7492
1729
7306
7423
5665
2059
6778
7394
4648
6798
3269
4866
221
300
1061
2702
4088
3946
6410
2208
1719
8839
3932
4867
8360
8954
4188
716
4099
4394
4516
7590
6634
998
7275
5708
4568
480
5369
9865
5379
1058
9249
452
6652
4016
6585
9131
1228
6083
1017
6000
6730
1551
9927
8653
7797
2438
9062
6711
7871
6062
3295
254
2282
5679
8231
9223
3024
5353
8133
3607
8576
6544
6828
661
9590
3479
8214
4344
2368
5056
9487
8015
3377
8515
859
5083
1071
8622
7911
2129
1418
8658
1994
9317
7762
8995
8170
973
5784
7362
6107
5875
7949
7409
7423
185
4722
9265
9063
4318
4223
4718
4342
2814
6574
5279
6876
3766
4820
3148
8152
4401
7441
6004
2189
9918
4550
7511
2898
595
5308
7241
8559
5006
8949
3611
65
5967
1092
673
361
1805
9559
3592
7905
6699
4316
9179
2742
2483
2118
4404
6153
2636
9210
1705
8433
1945
5220
7505
5635
7211
6366
8468
9009
6982
6158
9336
3865
2963
5213
909
2673
4146
2787
6346
4842
3849
8098
5489
5601
5370
4768
415
8476
903
1087
5923
5796
7244
5177
8120
747
3586
5037
3149
5438
1091
4583
923
541
4980
5314
9778
7269
1208
1730
2006
9849
2863
6862
4584
3847
9730
1903
264
2442
5951
9991
8105
5894
234
3539
6621
7786
7093
162
9086
9108
9637
907
3751
9265
7174
4947
621
56
4989
3146
7268
9173
9081
6074
2932
381
592
4272
1016
1682
4773
706
9487
1099
6477
5029
307
1440
8693
1992
176
1046
2643
2898
211
1955
3111
5318
6672
4782
1282
208
7452
2805
2723
8932
6813
4159
607
6239
7193
2820
9146
7403
4335
8931
1420
2651
2788
2145
4640
9180
1363
2997
2970
6222
6529
6182
5863
976
7270
5273
7600
6233
400
4565
3253
6682
8376
7544
8215
6147
833
2453
4799
7355
1900
5239
8562
1280
535
459
2530
4527
141
2102
8844
4455
9834
6501
2403
630
8296
9630
8969
1919
5220
2912
7003
9770
5677
4738
4275
5244
3929
8493
8347
8910
8197
5614
4321
1289
7620
4583
441
6810
2743
3073
6091
8297
5720
8797
6847
1875
5140
7585
7850
1202
3483
2880
2135
8987
8236
8791
5603
5797
6184
7285
597
1647
3755
9934
6258
4220
2179
1114
3010
3713
9189
2158
9175
2147
6820
8706
4050
6879
7890
2399
103
6344
643
7144
5426
5317
3478
5334
3053
8828
8980
4644
626
5457
2475
4443
4542
5786
2539
2626
9696
4026
4575
4136
2013
1324
3704
9988
2167
9529
4741
8723
7906
3784
7182
4252
1004
6610
4507
941
741
6845
8061
4181
4733
4545
1532
3717
9671
2376
4163
8263
4339
5263
2703
6077
1769
6506
5131
4102
1612
3490
3166
3523
4086
256
6737
6841
8275
8223
3439
7932
1278
1598
1885
2851
5965
393
9403
7467
9792
9987
317
9791
5365
6478
4383
2642
1081
1105
2482
4498
1478
405
9329
7251
3678
4537
95
4477
7807
4690
5442
1447
8936
6231
6984
2741
3378
9852
111
1376
7103
7663
4309
1625
3173
3375
8157
7608
5872
4094
5760
7170
5740
8941
6453
873
2268
4634
9172
1427
298
4926
9660
5101
4544
8869
854
9134
9493
1641
9264
1229
993
1106
7394
3814
6095
7703
4077
303
6379
2486
8604
3712
8930
8272
5707
9995
9777
6111
473
8744
679
8683
1077
2176
8003
9208
7080
4303
2520
9023
8115
4231
4830
4531
6176
4634
1546
2639
4778
4565
556
8869
5048
7811
6322
5947
6171
6272
3162
858
9356
3381
1168
519
549
2309
28
5218
5810
6886
623
9774
7782
7355
4371
4372
8882
4398
2095
1073
8449
7138
1333
5907
8188
1809
3635
3266
5854
2056
3036
807
1141
1661
9667
4733
3062
4310
3981
3866
4605
6328
6828
7891
3941
781
1086
7692
3439
1949
7065
1772
4176
2089
2409
2217
2048
5260
2331
8740
8674
6762
9363
3754
3849
9815
8632
6120
7688
9638
1310
4571
417
8229
6467
2120
310
3442
1966
7406
723
5943
9826
3905
4990
1264
6631
9052
9251
7450
2684
7801
1978
5241
5192
7843
6964
3073
4041
4126
2149
4965
3
3801
638
2494
1355
5947
5621
288
1906
8606
3294
4925
8017
2730
6935
5458
8764
2585
3184
9580
6868
238
6953
3508
2592
5175
3036
8624
5156
7237
9400
7840
5256
5757
5939
6025
3266
2496
9908
684
3430
8963
5543
4078
4507
7053
7224
2461
907
1506
4309
1455
941
2568
8096
9765
6847
7130
9901
6180
2910
6997
5132
4669
9205
5453
9668
2259
6791
910
2191
6267
2677
2500
6150
7905
4694
2875
9000
5539
7951
575
7716
3649
2928
7945
6898
2688
7660
6173
9177
6136
2595
3728
7773
6432
3830
874
4872
9053
7384
4964
5670
9996
9315
8042
8777
8441
6418
190
5070
3972
8129
4362
8228
2335
9280
1483
1741
1260
8555
6980
4599
617
1733
6055
3671
8949
4726
9717
4075
3820
8002
9947
8155
2986
4904
7719
4334
4886
9167
8456
6270
7469
1103
5204
8007
8233
5499
5437
7151
2347
9133
3612
498
403
365
5052
8263
3260
4370
9828
3715
6700
6115
1249
5970
8182
6207
5242
7430
1561
7148
6855
2092
98
709
7129
9514
6528
8047
5438
3450
9289
2565
1728
4687
4389
9448
7751
2621
9852
9456
1074
515
9338
4741
9569
1354
9853
9234
9825
2025
256
8006
5590
5198
2278
1520
399
9694
3235
5538
1735
5212
8931
6378
4425
4135
4387
6562
1580
8733
8455
2621
7578
2104
6074
6339
2753
5357
1140
5775
9660
7293
8222
3413
3193
1282
6974
6530
2409
2869
9049
8057
9385
4314
7720
5862
1584
2960
315
5434
6967
3291
7653
1091
3570
7635
428
3485
9123
5938
8766
5041
8553
7460
5877
4441
6989
5518
3185
3143
7160
7856
4152
8711
9684
398
3235
3263
4384
212
4754
9793
5042
5705
8808
6369
9639
7131
9842
5557
853
3488
7406
6470
4103
4007
9503
1924
8436
3278
8872
6066
9774
7172
8273
9110
9138
8942
1407
3171
4399
7164
9101
8910
1184
8972
9999
2848
8651
9508
4802
9858
5675
7627
2289
3671
450
7682
4608
5676
895
1311
4827
1105
1340
8687
18
7869
7431
9698
7231
697
5723
6671
1158
3689
4387
8495
5285
5130
4007
6655
3273
8928
8476
9014
391
2147
4882
4601
8660
1456
4334
5730
2276
3088
2337
7996
7570
2497
8953
2130
5416
8953
2276
4105
4134
9003
6469
8599
9284
1954
2396
9477
1668
4239
8037
5898
2629
2325
8295
7871
2986
2829
1037
5774
6363
9993
4395
8069
1352
6390
925
2788
6177
1877
1239
4319
6651
4371
4880
1388
5678
6283
5317
6706
9060
4856
4061
8036
5050
6438
5367
5245
4201
1082
9143
2586
7915
6502
7742
4141
4608
8399
7247
2893
1028
9607
3300
9791
3000
3718
9247
8257
7445
6907
2192
6703
7512
4331
6714
1506
5931
6359
3019
4913
1023
5680
8586
5094
2734
8653
6403
149
6629
739
6780
7279
9035
2423
5677
9452
1556
4270
5035
1331
7191
7109
7800
7294
8889
2439
5073
3584
9787
6235
8209
8248
5379
2334
1869
5348
1020
8205
7056
4347
7315
9097
1628
6705
127
4913
7668
5089
8654
7262
9949
1660
1323
1687
7722
3914
7879
1292
6205
294
3579
2819
362
393
2529
8531
1899
6701
553
328
8432
3351
7213
687
4016
8093
5480
1094
7166
3976
4771
9983
4929
2525
6286
6548
6925
3692
4611
7955
7468
9727
1999
6761
767
4495
8735
1235
4176
1596
3013
967
4536
8325
8830
6598
4447
635
7670
9628
8433
6785
4126
2228
5523
3596
7889
7836
4107
5981
1605
8207
2089
2598
2859
8704
1351
451
9920
9521
9358
4245
6918
5570
963
3803
5447
6603
3695
9687
2101
6289
6021
4983
9521
683
5601
9771
1238
7171
6605
898
7128
8194
9990
4806
8878
1938
5465
125
5247
3995
715
8149
270
4188
9867
8555
1265
1720
8148
1285
4141
4419
3879
5316
2185
7105
3076
2176
3102
1580
9213
2748
2915
8459
7117
8723
5579
6157
4925
3509
1138
3569
4440
8105
5574
7872
4712
5332
815
7045
8505
9517
9023
5319
6756
2708
4315
4674
2620
1772
8861
3289
7023
3666
4782
7966
5233
1810
7071
1143
2976
5108
6794
4638
147
572
9979
5773
9742
4313
2393
7744
1360
6056
3074
9695
3725
7595
1703
4409
4408
905
3536
3153
4648
7848
6546
773
3323
7607
2638
2902
8261
9672
4069
3396
2723
4384
5172
6184
2728
8541
4932
8307
9379
1117
1928
966
592
5086
4241
7638
107
2662
6735
2070
1572
3641
9990
2298
4026
9205
2450
2134
1674
9490
9482
1688
1986
9677
6972
9341
2423
5519
1680
5866
5973
5229
3774
3531
5920
5579
181
8236
3366
5000
2794
5599
2936
1999
1824
9082
4394
2873
2157
3523
6090
2797
6632
9888
1634
240
8979
914
8114
4900
5214
4588
982
869
6097
6342
9866
6459
6378
8446
9024
4213
8768
6673
6695
3883
8752
9987
7853
7890
4946
9550
3361
8157
9775
3175
8596
3885
1896
5680
6600
9266
122
8466
9786
8206
4616
2067
5901
5481
9215
7935
6494
3711
4498
1877
4028
9959
3192
7750
1487
8991
3061
223
9953
5664
1227
2825
1093
2921
7746
5981
4562
698
1845
9757
4090
302
6887
8489
9266
6685
4085
2371
8675
7011
3055
9649
3658
7898
9147
8636
693
4146
4192
7608
6205
9899
8512
4122
6979
1791
973
2980
7735
3233
3372
5796
1865
4740
7786
3726
3072
4703
8483
4802
4906
690
1548
2941
2608
1577
9166
3195
3774
9109
5288
415
6506
4237
3552
4191
1789
2765
1509
7474
5711
1105
4635
5441
3638
7259
7784
8918
111
5420
5564
5989
5662
9389
2702
5514
8350
5571
1513
5402
2625
7778
9206
8625
7945
2957
9289
7628
1187
3595
1936
307
3193
1009
9091
3801
6054
6106
9302
5348
3792
248
3083
8353
3544
9298
4753
7116
1534
8037
5841
6218
1251
6107
4849
7932
1898
6009
7495
681
7969
155
7730
6516
3484
5257
2795
4653
297
8901
9460
2243
6269
6164
1609
2377
4694
852
5081
8647
8203
2173
6093
3150
7754
5718
9055
7085
6159
1158
1902
45
8611
8620
7379
3637
2518
6567
4869
8287
6502
100
6818
2633
8577
3597
9948
5086
4498
2472
3237
1046
928
8848
2478
5796
4061
4579
8762
7765
6201
5710
8493
9138
6999
9415
3632
7648
8785
7972
9858
8127
5983
6793
2144
8103
5354
3460
4572
4156
5769
3969
2587
3687
7921
856
9116
9763
6142
1582
9575
7938
7805
7103
2085
792
1607
7679
5633
9162
9965
2299
6300
6526
2613
5110
5062
4134
6703
4375
441
600
7
4605
1996
2231
3122
4805
1217
6143
298
3869
1506
7203
8396
1920
321
8880
4707
1352
6496
7674
7826
5410
4191
3470
7669
6060
1073
2810
5793
4981
3059
1767
1140
8974
7931
3199
5106
9853
7669
6801
6461
9490
8863
6096
792
9097
8129
693
4788
6181
9427
5350
7879
2767
2773
4596
414
8525
4562
7062
3731
8407
349
5317
809
9739
6062
9422
3988
7121
3773
4853
3682
9694
1212
8336
6547
8095
2677
8571
7931
380
8021
9611
5554
7708
3888
8373
6200
3334
2785
6580
5290
607
3069
8054
9141
3546
5286
1053
3034
8707
6704
7667
2408
4573
1668
8184
1554
4437
8049
2319
5848
5991
9130
3351
386
737
9763
3100
5851
7689
3222
653
4336
7192
9563
3075
6624
3158
9194
3000
2808
1624
5536
9224
3675
354
7203
981
6040
5703
6818
1762
5285
466
732
9299
1476
9718
7668
8403
3783
2186
5201
5345
5484
6050
3330
5215
5010
8592
1559
8396
5243
5048
9511
4224
454
9906
9675
31
3533
8781
7059
148
870
1459
5368
3869
6460
263
1598
6906
5489
790
9217
621
6423
191
3739
7624
7023
1988
5970
7448
4144
8422
6519
237
955
6508
8845
1569
43
7636
4870
5001
5126
5053
4475
4024
682
9461
8755
4746
6994
4653
2906
4452
5830
8889
7801
262
6167
2050
3008
1545
2811
9611
6003
2447
4940
5131
2914
9951
1418
28
6863
7853
5920
4216
5494
1369
5716
9714
6942
7562
3233
1224
453
9490
5516
2066
4406
2066
8707
8582
5402
7992
4628
3324
2189
5514
9049
2027
9084
5551
6547
8803
3328
6965
7789
5053
8531
1613
3394
6431
4546
6453
5108
5445
8312
1587
9157
6513
6931
2874
724
848
1244
2835
4626
8871
3224
2596
2026
9979
2320
3688
630
1390
1015
4429
7895
3488
1700
463
3534
2792
8671
2276
4035
8949
2883
9183
5012
602
6357
2536
5095
6210
4826
5698
7558
493
2339
8918
1828
5935
9587
3414
4110
857
5823
3717
4430
3882
3691
5669
4812
6468
9339
7932
2176
8968
8799
5677
5987
4041
7583
1423
3622
9784
8593
4419
6564
5316
6871
7401
1149
2782
8634
7598
3205
5257
8165
3178
3126
9165
4752
1129
6910
687
7724
8626
6870
6894
3522
8590
1693
6661
2931
7787
8352
8163
9791
4326
2264
1403
7153
9114
7011
6290
4519
2030
7834
1740
4727
6919
803
5621
2550
6821
9288
6453
4513
2935
2060
9966
7549
9669
1794
8281
5708
4487
9850
846
9246
5042
5465
3838
913
1723
2011
5638
4118
620
6167
5694
792
5130
2166
6602
7786
6072
4111
6110
8498
1898
3650
6856
2266
2297
3854
7483
7320
8730
581
32
2179
6988
2493
9685
1454
6964
4707
827
4809
3650
2334
3892
6767
6366
9174
2418
7502
5191
494
9636
376
3740
2347
7348
1391
8608
1572
8616
7869
4527
8317
5388
39
6135
3514
3804
2637
2481
5148
822
1364
3283
1300
4848
9563
9757
89
5900
3123
1435
9981
2128
8235
945
9656
8439
4640
5144
8293
2845
5391
6091
2958
281
5332
6946
3853
631
2851
5370
9781
5021
42
9671
8271
7092
2440
7499
7785
1633
8519
5672
5493
6433
4546
6189
7152
9093
6479
5075
9163
7492
4188
2303
5430
5273
324
1018
9515
2616
5904
9457
3048
7753
1654
4959
2086
8564
2673
2563
5998
7140
7358
6659
4325
9719
597
6525
5735
9143
9793
4759
4151
7776
6206
2288
832
7739
4241
2998
6767
1421
7984
5168
5729
9061
2624
7740
4779
9586
4102
8588
6420
3916
9076
2023
133
7529
7977
5711
4675
3799
5283
371
2823
1145
5306
5272
1546
9365
4127
4346
4323
9675
5795
4576
9156
2190
930
5264
7095
2857
1745
6148
5040
1204
8339
235
8699
4182
2154
3303
9761
8529
8322
2967
6138
7612
2345
4583
3755
7351
6193
5413
5459
9756
4265
6744
8121
4499
2867
7943
6599
2713
8615
1817
2054
9135
5330
1618
2806
5070
6572
7364
7210
824
4585
5793
1352
2827
8438
1543
9845
6346
1508
9743
6664
6332
688
5284
6939
1594
2114
4199
1315
4211
6703
7048
9914
6504
913
7003
2282
726
1777
8684
779
8828
8202
4635
5170
8471
5392
5294
6061
1324
8097
252
1204
8872
5153
5721
8446
46
4679
1211
2956
2373
6048
2999
4120
7537
5879
4847
1913
1434
9261
9119
4569
2824
8964
7835
8129
6053
113
8467
6202
6820
8137
9991
6113
6450
5843
1041
1351
5192
8557
2236
6047
565
5728
8406
2780
5203
514
7633
2592
544
3380
4627
2062
8978
5683
8380
9907
7317
7591
2393
9932
6211
5009
6136
4235
6057
6885
7669
1693
4837
3495
6720
2876
7025
3071
4003
7095
558
5055
2926
5538
2480
5875
5658
3439
3510
7928
7134
767
7463
1133
4034
7600
6164
2304
9836
5555
9592
4170
6723
8317
2844
5940
7755
7048
6659
1750
5037
5907
1679
1284
9349
2262
4664
6854
7451
335
9351
2696
725
8128
9751
6902
4230
3703
9461
9120
6712
4720
3235
8448
7503
6387
8332
4609
2694
6540
8120
8609
6779
1759
2890
1227
9087
6178
1784
1772
2935
9310
4852
9500
6204
6895
3445
8594
8566
5942
1709
4051
7587
7539
5038
316
2671
3231
3781
2962
3930
55
4160
911
2215
741
5916
8965
5237
8523
7814
8052
1919
7688
6184
7402
9868
3735
2243
607
2941
9737
6042
6751
4830
4068
1022
9240
6721
2573
8555
5856
2396
8821
7842
2880
5149
3940
7284
5462
978
4479
3356
43
8127
3657
2132
9898
1355
7635
448
8936
987
3173
20
4192
4013
7408
6080
8146
9719
6676
2244
2663
9967
1958
5655
3097
9846
3304
2252
5927
6450
6780
9628
8462
6380
5999
8624
1172
1936
1123
7885
9085
2125
9619
4868
9223
8800
3649
8866
7741
7859
9138
5742
4301
2234
693
75
6169
8002
9034
51
8050
5382
4520
2485
4206
3544
1558
7812
8013
8784
4908
6210
8595
8791
3158
538
347
7089
6432
4297
6196
4437
4511
8067
7312
1038
5326
6227
5687
5924
2454
3170
2902
1071
9834
3702
7605
7134
661
5678
7242
5837
853
8957
2951
2927
7146
5510
9075
154
9727
9079
1570
4737
3855
3612
871
6452
5173
3168
8217
5331
2124
2089
6329
1737
3308
7524
8956
9455
2932
3213
6428
754
7055
359
3584
5553
5116
4384
3891
9816
7151
5532
6196
3375
1599
8164
7216
6221
2831
1152
1961
7492
7460
1910
3712
8763
2628
1213
9619
9622
6553
9620
7222
6514
2650
816
7681
3495
28
5317
1336
788
9277
8401
8179
6592
5893
2953
138
5143
307
2735
6624
1780
1252
8935
3293
5144
6646
4821
2925
3902
4765
4268
3263
7531
8310
9682
724
783
483
3721
6193
7513
9816
1172
8215
9058
3731
7120
2870
9674
1075
4476
9315
3818
2995
5441
5262
3715
7522
2537
6848
5207
2392
7434
6023
5009
5138
648
8282
6211
2229
9354
4660
6585
6541
9111
1963
79
720
4235
1413
9526
1950
3251
2826
289
4952
9444
4536
2868
4419
7009
3260
7945
6872
986
5121
2382
5149
3205
3920
3082
8837
6659
7445
1721
9815
2729
7276
3884
3478
5182
2994
3287
1123
7321
3256
9140
4607
5733
56
5693
6112
5413
1791
5219
6093
6714
9713
5555
3989
9581
4929
7514
315
8330
688
5291
5806
1105
473
2223
2167
651
9389
9237
4014
9973
6821
9550
7730
5980
7774
9415
3149
8226
6970
3424
4868
2225
5627
3101
3016
1721
9894
3897
252
5479
2972
2793
6632
7964
3334
3502
5260
7832
3525
5460
6023
2553
1205
6120
9892
162
7824
8008
1806
5514
4365
2088
1360
7264
423
3581
5478
7371
9207
446
757
5492
8984
8534
7001
4028
2917
9765
2646
4272
4155
5316
4700
1509
7400
2314
1019
9506
3208
2853
3897
1885
2090
4738
1114
883
1432
9368
7540
9753
8023
7888
8625
3079
4703
530
3569
2670
9118
5864
7244
8058
5362
7533
1359
9048
7388
9850
9863
8109
2561
5971
4163
6353
6548
8871
3401
4245
7419
6118
2595
3549
2224
2893
6248
6266
6691
1620
6806
6869
8744
8349
387
7344
5608
5838
6523
4557
3379
2066
3494
1582
9504
9431
7191
2052
3725
2271
6530
5831
7129
9323
5250
3000
3268
3695
5834
2468
1285
5092
2357
5767
3043
2994
9364
4211
5583
6818
745
710
2348
8844
865
5353
2623
1013
4044
2793
5701
4196
2541
4419
5089
974
9740
9420
3098
7387
4076
1913
3
4054
3271
8287
9708
7726
8538
6510
66
2979
6468
6906
1526
5819
3483
8284
8458
9897
376
2255
9650
3041
6766
7088
2551
7938
678
2068
3253
9943
1113
8196
2742
8831
707
8293
5572
2578
5644
4896
2474
7534
2726
2722
7728
5634
2892
9269
7491
1456
962
3200
7010
1820
2262
6962
7287
6183
5735
1770
7048
6469
3257
122
1866
8271
4163
2695
5112
5189
2711
5879
4252
5479
9780
2116
314
4044
9359
6916
5045
1408
4577
1797
8981
7913
1185
922
6568
3744
1005
9389
6842
3873
7848
6005
4276
2603
855
9457
1471
197
4156
2302
8744
5083
8947
1530
2040
145
6648
3243
6823
8819
6725
5640
1892
1460
1141
848885681