8031
5413
9607
2600
810
1351
84
1334
7385
6404
6691
4331
6323
8188
377
9458
24
5341
8303
387
4999
5495
4140
7404
2568
9855
3192
3172
978
3639
1628
4885
7489
3530
9838
4336
7101
5517
4738
8392
5320
6157
9359
5781
900
6869
7325
9317
9429
684
7336
8862
1697
1794
6728
2535
1273
2202
32
954
8158
6911
355
3745
4775
1805
6842
2793
8350
6040
2356
4506
602
9911
5067
8842
6136
8359
6503
5698
2529
3875
3742
293
6303
2765
3187
5694
6801
7302
3062
4898
5485
3783
234
8408
5801
5613
1005
9095
27
4532
966
3388
8327
2829
8259
1786
6727
7886
6399
2914
5699
4333
8425
4283
3169
61
7442
2009
8617
1147
5992
1048
2978
7457
9021
6819
9677
6658
3041
522
7353
7408
5671
7996
2909
353
1966
3473
4506
1401
8967
8915
902
148
9199
1152
5358
5950
5239
5739
8171
8996
477
8879
8540
9917
410
869
3808
1440
2109
68
4845
5876
5560
8290
8661
428
1374
2815
8095
3968
7503
7216
2180
7076
145
2829
8258
7868
1461
3726
1419
7301
2351
8357
6930
6791
9456
2991
9942
1096
9665
3065
9292
8898
4069
5025
4587
908
2491
4929
4576
2423
7644
4202
1492
3261
6699
1463
9771
7580
2611
5939
9979
8382
8648
7543
3525
7203
1359
1869
972
8382
2872
6998
4302
4438
7924
3281
3007
5120
8242
7349
5377
6531
9149
8996
9656
8148
6864
3669
92
7993
3219
2362
8485
3726
3085
909
250
6525
1500
7384
9548
622
3957
6194
9550
646
9900
7054
5337
3418
8456
4651
9338
5261
561
3447
9233
9652
7887
5377
338
7690
1777
2978
5163
510
8512
576
1352
7014
3031
6481
3619
857
7800
4755
2574
2955
9446
9010
8248
9809
8332
6673
9537
8567
3023
3223
3164
9637
1675
597
8638
6123
7046
1858
8844
978
1030
9039
2133
9324
5702
8322
387
1974
1032
8481
7460
5806
873
6277
205
8876
7128
528
9357
5103
3441
6595
7487
5288
7411
1714
5338
2433
7842
7496
3811
5942
5910
1595
1924
406
6877
8923
4107
10
6286
7562
7535
4541
5763
7357
8764
5398
392
9762
8994
6517
2501
3741
7537
4435
1551
6844
1912
3987
2983
7953
4132
3536
4669
1518
9896
9277
4353
9798
1998
8205
6421
9347
8816
5878
9059
2945
9525
53
2949
9940
2041
8079
8501
7293
3441
2168
4057
7488
8855
33
7011
119
7027
8332
3430
3999
9872
4244
7461
9486
1044
593
7764
789
96
3153
4924
1659
5376
8606
7318
1859
1038
3042
5912
6052
5034
7375
8077
7727
5219
6864
943
1965
1194
6301
2319
483
2447
5059
3073
5281
2591
3463
8896
1447
315
7712
7197
287
7244
2398
2112
249
2714
5151
9081
3984
2420
7377
8965
2496
6166
9734
4267
4180
9649
5798
9595
3794
834
4440
9211
316
5532
2037
9267
7575
4146
4464
5736
7322
178
7790
483
2821
4752
694
9250
6042
7220
8335
8063
5069
6094
577
9114
2857
9195
4715
1797
4516
8116
3403
9453
2803
3186
1796
4716
676
5884
1506
9838
7955
1641
1642
2318
8376
9251
1445
9428
8955
6547
3553
6573
2498
6376
4141
4221
4955
2923
6409
8379
9430
2666
1220
9205
6774
8337
7679
9634
2955
5978
8574
157
5714
8496
108
3428
4452
8259
737
3606
7750
5287
2842
7968
4563
6829
6954
6426
9045
7575
9761
7753
9475
3127
408
5288
421
2436
5543
39
1571
1811
6472
2977
7973
3396
859
4002
6268
712
9768
6696
2185
2803
628
4142
9824
3251
4642
9945
1382
1252
588
5380
6216
820
681
2587
8088
4819
3007
2015
2715
697
2034
5938
8815
9865
9995
1167
5969
2951
157
8332
7806
3064
5567
6672
2498
6265
5464
7170
7794
5598
8656
319
1222
1091
6760
7153
2714
8272
5913
1449
7705
7753
3980
1487
768
4690
5326
9958
3255
3474
3975
8431
1094
2256
7574
3151
5252
4009
89
1822
9354
5837
4220
7117
2041
1715
4716
7723
3105
2842
8453
7696
7038
8708
627
53
9084
4079
5903
7808
938
5505
3914
4319
1622
225
9224
8966
3517
3608
1900
8704
8183
4090
2094
1867
3532
6862
9446
9052
9973
7603
6853
413
5021
6278
1392
2386
1628
7521
4067
1173
8106
2280
884
3848
1923
9901
5495
1815
2491
5750
4205
9497
941
9749
9513
2947
6613
8760
6520
2221
4633
6850
7834
3335
8652
3500
9298
5343
8832
6837
7338
5996
9540
726
598
5902
3206
8245
9944
3631
1367
7630
6561
4223
3397
7356
9472
5272
6765
8445
5772
2868
1000
1846
6540
1255
4446
7548
5196
8423
602
151
2983
5654
8411
8209
9956
214
9150
3610
9741
8368
8816
2889
853
7002
289
3610
9938
1296
4028
4026
8578
387
1064
4469
4996
7694
4186
9343
1455
5658
3049
1520
3028
1216
4647
907
5811
5187
7399
9257
6121
3154
8704
7404
4052
8110
992
9537
965
835
7609
3899
4395
6576
1573
2596
4589
3941
3212
2262
6028
9807
2154
4082
5318
7295
9861
9637
2354
9382
7799
4750
3897
4770
7904
5423
1682
3659
417
6885
6702
4649
8377
620
8048
9150
7125
6451
9642
2051
6317
1869
1974
5137
3229
6313
999
4621
2086
6756
8249
1354
7182
1583
3036
2858
2
9624
8671
6149
913
929
3524
6326
5559
1378
1430
1534
6034
6168
169
3409
9994
303
3064
5929
2775
8759
1541
1591
4424
7061
1573
3661
8636
5347
7466
6793
7583
5189
9148
7501
7779
3493
1138
5387
8345
5648
9577
1850
4882
9464
8586
5918
6587
4839
1359
6879
8519
7107
83
1242
8082
7080
1725
3851
9356
9863
7690
212
3912
4636
3950
845
7020
2667
5629
6501
9165
7676
7583
7127
9182
9691
6708
4959
8474
5654
7073
3797
3987
586
8274
476
5106
7905
9419
699
1768
7286
6030
8482
7957
9364
7937
246
5513
7741
8897
3919
9209
4858
7714
843
9523
2955
2059
8390
371
6765
5376
3701
2789
3892
6225
3326
6362
3474
5738
9114
3248
4930
4733
1878
1645
9101
9169
9817
1754
6462
9445
733
6757
3154
4587
9128
2872
7431
953
2151
5845
1028
327
5002
1910
2328
5693
4064
3139
4611
3883
2039
2002
9783
670
4278
124
5836
9197
422
3785
2242
6636
3909
7319
4643
6944
9634
9304
7096
454
8931
2521
3587
3268
2219
4603
9730
9968
9316
3407
5105
6678
7143
2578
7406
8730
6973
2483
309
9003
7035
8233
531
8365
3603
4392
6417
7682
7267
5384
6058
4759
6042
4156
4952
9518
8414
6514
8450
9675
394
5868
9881
7014
8680
5564
9492
1330
9913
5912
9971
7151
8995
8092
3418
697
1990
5222
9664
7827
8185
2048
2701
3932
7349
345
635
2986
7626
7888
316
458
4032
633
8609
1167
8352
3516
9685
8039
4899
5086
7768
1354
5412
8907
5764
7950
738
4254
7528
3192
6850
623
1489
8345
3167
5948
9664
8335
4928
6506
3703
2025
5596
9512
3118
8362
9482
2250
2345
8473
5536
1625
2927
3098
4279
1346
8519
8442
4580
2684
2247
3372
359
7123
3608
3409
9143
264
8000
2403
3852
1350
3110
8393
1382
5743
5758
5900
5788
7402
8467
8488
1909
9055
7656
5225
7696
8391
4066
1820
7428
1222
3754
2243
4258
331
1665
8472
5904
9709
9218
9218
4249
9941
4620
4186
8514
4533
1715
8536
5587
2619
2653
7178
4217
3759
1463
1304
9467
8383
5712
752
6197
6180
4974
2629
7596
866
4134
1051
4077
7285
9995
6079
8183
9248
4238
1967
4434
3469
6710
3162
6675
5530
6232
4809
8569
6575
8026
499
8868
360
9005
7520
3996
8465
3021
8069
4966
1991
6589
7647
399
664
4458
8302
2623
6573
8995
4968
9520
9495
6870
5997
1672
2550
4077
667
9947
165
4060
1020
2840
3635
2183
3716
8280
2475
2083
9717
6227
6168
7001
2442
6879
9063
2763
6011
1071
7930
2185
1996
7580
3057
978
9372
3490
3007
5847
1445
4388
2353
8122
4800
7930
5569
4806
6763
8480
741
21
148
4489
9277
8741
3351
2494
4427
9117
2609
9787
8065
9595
2016
7979
2064
3440
9783
2656
2810
226
5272
6627
638
5329
3873
8046
2200
4511
1310
4256
5999
7530
329
7908
2037
7506
8302
4316
7626
6878
9062
3889
3238
1658
6323
2758
6105
6821
5866
2128
5023
4107
5669
515
4748
3520
3851
3947
4867
5304
294
9915
7806
8353
3787
535
9265
4107
5942
4557
5137
5466
5029
5932
1164
1382
3389
8979
9006
1115
1941
5379
8645
9182
9232
1892
1860
9814
3160
8516
3655
4354
9448
2321
6583
9146
6083
4885
7871
5787
3492
1997
878
1309
6990
9556
9077
9736
9351
3365
131
4872
4941
3752
3363
4915
1270
8624
9120
1895
8674
9451
947
7425
902
782
6018
2707
9349
2017
5299
8503
1108
3218
7622
9944
4500
7335
2192
9675
2814
2123
463
9794
8384
8783
9413
5695
8958
1668
7876
7458
5764
5975
7113
4041
1049
3453
407
6207
3538
6370
387
7333
8065
1627
3763
1723
6130
3418
414
3935
6432
9444
9081
6550
8987
1153
9040
2119
1369
323
3748
7680
4141
7840
2739
5132
6104
3581
8895
1047
6928
5984
6137
6444
1735
3129
1728
6757
5019
7689
9565
5540
1254
3940
1026
6320
6894
562
5053
9896
4412
8288
4837
3214
2621
2707
3192
225
8888
8630
5618
2549
4523
9367
7007
447
3306
2636
4814
5858
9424
2283
7099
3680
758
8208
6426
200
6814
6418
8238
5542
8527
8998
6634
8639
1146
2923
3823
9028
9936
1503
7868
6388
2070
7016
1017
1886
6933
579
3013
4257
5748
9194
471
2128
1188
1157
2456
4412
6281
2992
3411
2469
391
76
4021
5524
2732
8367
9300
383
8813
5786
5922
7921
4414
710
1609
3742
7191
4539
3266
6234
3405
3981
9793
9332
8527
4506
7451
9989
466
9410
2747
6944
8092
5398
5996
1993
2994
5492
9153
8566
1278
2629
5443
9961
3272
2550
7713
477
9548
8714
7221
1741
9725
7176
9064
6410
282
4688
6996
8226
915
9311
9917
9403
3039
8977
9828
9016
4713
9615
747
1698
5386
4700
4956
775
8538
9832
6060
5977
6792
6973
441
1752
2189
1005
7219
916
6334
9586
1711
8305
8495
927
7650
1967
2712
6039
6922
4295
2721
8697
5763
9932
7966
5522
6354
5024
2219
8288
7872
450
8628
1019
1433
3942
8870
8164
7214
2033
1757
8912
2681
5127
7904
2441
3202
4459
7050
2989
8062
2498
2909
1764
3255
8095
1209
508
3785
6666
4650
2195
8696
8045
1714
1260
9677
7476
9493
3708
3096
4547
8825
4889
2537
3808
6015
636
2028
5525
2319
1895
7974
9230
225
5373
7541
6863
7764
3338
2732
8361
4379
547
7382
9562
216
4636
3413
6643
2764
5726
4965
3342
9892
3515
3672
8020
9227
9446
2079
573
8480
8259
4347
2754
4221
9465
7819
6340
3719
2813
9712
6155
975
4735
168
8278
7506
2974
3592
1379
7223
5384
2761
6593
6929
4631
9338
6710
1701
9520
7636
8317
1258
2158
9880
6119
6200
4627
5341
750
6816
7072
2924
9950
6014
8810
2366
5156
3346
5393
514
6252
5854
700
3350
3096
5498
7753
5825
9589
127
1108
4639
4198
5177
1394
4896
8816
4854
4048
2078
2878
7633
2841
4563
150
2459
2810
579
8119
2264
4181
3364
6307
9006
1383
2462
558
8808
6784
621
8446
8802
5752
623
5707
2433
8726
4773
4619
3914
3549
302
9298
3315
7635
8619
3012
6137
3199
636
2688
7174
7706
7324
5946
7744
8331
5191
3793
8932
4337
8
8069
3427
3632
4075
1881
2218
8855
7717
3733
8036
5959
4204
8715
3878
4065
2992
1370
2764
9450
4421
5608
6148
7932
1271
1096
8427
4676
7963
4101
3534
980
5687
9576
3541
2232
5871
9683
3560
6738
793
7281
5482
6903
4651
1215
3501
8609
2067
3678
5339
3820
1028
9481
9916
4400
1921
5494
2360
2979
3453
7541
892
3616
198
7056
272
4628
5173
1646
8194
3309
7810
6025
8656
7139
126
9245
3281
56
7594
9818
2609
4284
8761
9714
9951
6205
9659
9140
311
376
7322
580
3285
3252
6389
1865
6704
7595
942
8873
3435
421
5483
2030
6009
5003
825
2776
4274
2676
2212
2303
5384
3635
4931
6607
4854
483
7104
4066
4968
6033
1334
7818
5986
7229
2740
5403
749
8260
2540
5686
9113
8721
6382
2188
8800
6731
3704
4948
5379
6883
4866
7635
8164
5019
5196
9650
8320
9782
7011
6220
490
6876
3904
7402
9086
7665
6043
8779
2262
5421
2026
6014
135
6526
3189
6662
7252
2743
7806
8123
6779
2156
8687
8085
1166
3699
9654
967
2033
3090
7083
967
1248
6319
5196
2237
4817
8980
3102
1135
687
4925
2686
9957
4856
8852
7499
1637
1829
8534
2397
5577
1975
8887
9441
8333
8189
5818
6235
5387
8011
5076
6746
9171
8338
1059
4765
3816
1329
952
1844
8271
9640
6671
7435
1854
9470
8729
3229
2314
6199
8016
9137
3498
693
1506
8991
2360
6877
6862
4048
8998
2745
7715
3123
5610
8178
3514
1619
3796
4086
3683
307
877
6689
4126
5936
5304
1452
7587
8863
9459
2589
3920
9187
9995
5938
3247
8478
6831
2067
2404
6938
4467
6904
2846
5526
1925
3547
1824
3675
5955
7110
9432
8228
2516
7708
8260
6809
6567
5570
3687
908
9289
7998
4588
6409
8824
8527
3128
9671
4931
5036
4787
1729
1682
6744
5840
3973
3843
8599
4010
1756
9627
3912
2908
2349
3157
5692
6671
2287
7678
6438
1911
1261
8380
1495
7648
6468
2315
6437
6701
3397
419
2153
8744
919
2322
7703
6546
5771
1867
4287
2966
7967
1559
1930
1281
5377
5090
2238
3252
3132
1856
841
1993
8492
3124
3525
3348
186
9096
9371
1657
7406
1897
613
1337
7474
5168
1989
27
5453
9145
899
419
3391
3472
3943
9702
6450
214
2271
1378
77
3185
3569
1540
9577
159
251
7794
8797
4354
6360
6675
2496
2630
5559
6069
945
592
3807
209
3100
2210
7798
3986
957
422
8602
5020
9181
3822
6898
9971
6825
7992
1579
4221
8328
9072
1759
7314
4916
4195
1230
1098
2785
4224
7923
760
7912
7874
8757
5857
6406
2061
8278
7866
5386
9582
583
9155
1557
5230
8613
4974
7456
6388
9850
4503
1050
1338
7740
1872
8833
6492
5292
8905
980
6699
1200
6732
2499
7841
7108
1306
5065
1041
3564
4763
9714
3712
8834
8746
8489
2603
5757
9686
5582
6255
3642
6397
4374
3419
9710
6573
133
6884
7023
9914
6769
9373
6885
8686
8381
3850
6656
3715
8121
7306
9909
6414
2823
5086
4789
7337
2503
8994
3383
6229
735
5606
3322
4725
3057
4803
2358
9079
8131
534
1173
8181
4017
3650
7994
341
6827
147
364
4638
5947
2041
1564
8276
6346
7227
3574
9287
8630
2372
4070
1138
3500
794
9179
1162
6050
2160
5629
3578
1491
7576
5584
7587
6132
1728
2397
9172
7092
4447
510
2355
8630
8744
281
8693
4041
5046
8379
5829
1229
3071
449
5758
6464
35
4680
3223
4471
6831
4291
4666
4518
6786
3147
8370
6457
3977
2143
4618
4830
4401
2194
4182
1862
1714
2508
4755
512
485
7121
1003
3781
9799
2349
8419
7127
9826
1122
6097
7047
9174
4701
261
156
5843
7837
1843
5597
1911
2235
64
2902
3760
999
6827
877
6266
3896
4750
7526
9924
2710
3985
9710
3287
885
4718
4436
4727
1243
6631
2854
6046
7570
5656
9700
1933
4025
6018
3876
664
9158
8601
8250
7057
8100
20
8799
5521
7542
860
5930
6372
8570
7123
6463
715
550
6869
4958
3118
7406
870
668
5604
7209
6856
6190
5343
7127
8943
2241
7877
873
6861
765
4109
5735
2652
5186
864
5918
8915
7184
382
701
6481
7475
447
9192
8984
1382
7155
1060
757
3258
8288
7932
2645
9847
1244
3830
3456
8394
8599
8619
8052
5499
1709
6357
2353
4980
7898
1682
4093
7200
8491
3685
285
4903
727
9380
5742
6151
8142
7560
5085
6817
115
3603
2477
6177
3089
2805
3942
7034
2462
520
8585
1763
2648
982
5766
4089
6839
4004
3484
5473
6966
3557
4766
4602
7646
7742
9120
1863
8087
7305
252
1038
3533
1235
5384
8105
3879
6176
1890
5092
7740
7059
4737
7971
5100
8522
2255
9745
3614
1653
9311
4138
4076
9612
9851
6557
8837
7874
8530
5347
3685
2078
8946
5157
268
7546
8229
1413
5598
7660
209
662
2113
8391
7732
9906
8820
6795
9502
9124
5487
9374
8248
6434
7993
6113
6962
3921
1384
8826
9268
6005
7646
6543
1407
5662
8113
9579
7703
7553
292
841
4147
5954
1443
8648
2025
5684
1880
9944
7737
2042
8372
9405
9860
4310
3829
2511
7164
4154
583
4308
29
6771
8391
4204
3016
5569
6983
2069
1792
9240
9091
1948
8832
4645
5227
2294
4991
9344
4088
1278
2040
1439
1089
7226
7632
8240
6683
7097
1832
5601
2415
3548
6970
5983
812
7375
7562
7238
5632
6456
8700
9810
8152
8496
2950
6423
573
5214
9082
1535
7520
7819
66
9305
2268
8590
5682
1165
6571
4776
8885
9886
237
6191
6824
5543
4978
2848
3832
7852
4731
7753
3712
7632
2577
2229
3287
2592
4276
1209
7666
1468
8014
297
8081
4595
3482
7664
3715
2222
1692
6397
666
856
7570
8814
9573
1960
1671
7407
1445
7724
1381
1230
6803
9767
4107
2434
6727
38
5302
3090
6888
5362
7109
7416
1871
9940
8110
2229
2060
7313
9133
1610
6160
8334
7086
2856
61
3763
2656
1326
920
6869
9763
9942
87
6784
3493
8314
488
1048
936
3676
6919
8602
9508
5303
3746
153
6942
9633
3850
9442
5346
4131
8591
9771
5070
8468
2680
1251
2372
2964
7382
3976
2169
19
5598
7167
7329
5087
6446
9796
1741
1011
6377
5457
4690
7558
8826
1783
9109
9908
6820
3022
7475
1478
1522
5632
1351
315
1714
5024
5633
9236
8676
7971
6294
2942
6432
9488
9705
6579
2824
1855
3187
4054
7701
4334
7753
3133
5081
7511
9642
897
2142
2464
6143
4359
6500
691
8497
9966
5816
7014
3372
1421
4162
2504
2335
8405
9162
1747
1125
9337
2078
2529
7084
4965
9835
3420
3776
7187
7878
8217
5234
4202
5381
4736
7094
6212
1828
1934
6441
5740
991
9739
763
5809
8482
1765
9892
5197
1999
9348
3970
3333
6386
304
8819
9612
5380
1178
4523
3080
6915
1309
2087
7598
1780
9170
6040
9425
5409
6123
6577
7228
5305
5385
8346
2339
1766
1274
6482
8070
3528
8579
5187
8530
4246
1900
7816
5076
5917
7482
831
650
7410
3361
8825
9681
7651
3164
4029
9312
5725
466
9787
5876
2771
6742
8027
1000
1958
6479
7846
4105
4695
6453
9551
8336
6121
3556
3352
9879
1353
963
3508
7927
5291
5926
9817
1943
6560
8665
4687
8601
7244
7170
2345
3061
8791
9311
5759
7503
3872
6816
3118
9437
9636
6726
5955
957
3810
488
3559
4095
9811
4150
7958
4762
6958
1860
584
6844
6925
6084
4439
3293
1792
9244
6861
7524
4108
6489
9544
6810
7797
5849
6006
4537
7844
4070
8291
8565
9971
8859
8133
6071
5105
592
8789
3094
9211
7583
6103
6930
8726
8914
578
7788
2376
9825
7645
391
9864
8430
6849
7321
944
6749
6297
3962
8143
3421
6917
2887
3569
2019
6872
8065
7951
8368
8187
1200
455
3767
8312
6525
386
2613
8083
8882
5271
8218
2161
8018
6425
7899
8700
1540
2010
811
5127
8356
4294
4826
4950
5790
665
3215
3361
6707
2041
2512
9836
4007
1638
6444
9936
6097
117
323
6935
8330
8665
7414
8691
9924
1259
8898
6462
5669
3319
5332
6054
7139
3240
9830
6905
5628
8816
2522
5859
7170
9252
1376
6840
2758
8381
8153
6380
9980
7963
2602
1422
1686
3876
6797
9691
6880
6134
5026
4530
1766
6752
7691
3387
6709
6457
2697
766
1808
9539
4307
7281
7595
4464
9764
9077
7289
573
5933
1543
3105
2518
6482
7706
716
3909
4367
3262
6443
139
24
9493
3789
7991
4092
417
1560
7988
131
6301
5684
7386
4572
440
3655
5321
3827
7222
4112
7719
2401
6306
201
3483
1425
9248
270
9985
2671
2800
2089
9434
4323
1669
9514
4814
3491
9604
371
9346
7516
9300
442
9631
5858
5718
7946
6041
4050
5395
82
7145
9150
8723
7737
3718
9291
306
6566
4844
147
1575
5317
7330
4211
6249
3063
2903
926
8841
1829
4222
6851
4765
202
3100
5864
569
7624
5706
1301
4229
5935
7275
2717
4944
284
5599
3931
5796
5522
3185
3037
5526
9199
5941
3983
3111
5420
9609
2655
5043
5115
5209
3566
5859
293
4384
8520
4636
7854
8721
2682
860
3542
5917
5640
8041
4612
9266
5964
7463
8971
5129
3318
8644
1185
1325
5565
4261
9116
2752
5149
8014
3050
6258
9114
725
3709
6858
4651
5899
7079
9294
7942
6801
502
2177
1983
3282
301
5942
8498
6153
3644
5192
6071
9985
1891
4922
4674
8968
8819
4259
5519
5101
3572
4667
7809
7284
6803
4914
4332
7754
4615
65
384
9676
7187
6517
8141
9007
9341
2283
3959
3174
4253
8995
4370
7858
186
9129
8834
8787
2184
5683
7080
2819
3775
2840
3228
5835
4368
4699
6478
5386
1610
744
1538
3579
4808
6395
2797
5374
6780
5666
9626
6535
299
2345
847
4577
297
9951
7097
7674
6080
5544
5570
8932
2985
7564
5901
4346
3288
2306
4639
4641
5804
8573
1563
3509
7456
791
3050
3791
6331
3460
2006
6517
6056
544
2520
1429
1993
8651
5538
4416
7602
8804
9306
6065
5174
2606
594
7244
494
8451
2085
4474
1027
4985
730
1726
781
7338
7120
9505
6901
3305
1342
2620
3538
9052
2876
2440
5043
4471
2353
4637
6767
222
7039
7000
9266
5498
8335
4850
196
5805
3297
7880
1374
7531
5489
1070
9813
794
647
4654
1530
6032
7515
4296
7461
6686
2527
6121
9729
8153
2200
6022
6097
7447
7706
804
7945
3730
2459
5283
9003
2269
9309
1095
8
3462
1245
6006
3563
1805
2626
4249
3824
7698
3107
735
2707
2742
9538
2579
2971
2213
5120
2043
3605
7275
1782
3927
9825
4685
3124
6083
8334
5364
5651
9260
6723
6419
4287
3998
5441
6520
2558
7924
5526
7951
2198
8399
4340
6971
8097
5203
4191
9880
2312
6789
7149
7266
7490
2733
1680
7317
6181
8878
8680
6543
5914
8459
2046
3846
4012
6287
8455
5539
7138
6450
9655
7196
6516
5653
5077
3383
9586
2854
6587
7921
1891
8454
3052
8862
2111
9457
8929
1554
2318
8123
339
3679
9244
8983
2036
3738
6352
494
2958
1809
6747
8651
2742
5861
7133
9953
749
1836
7656
8297
7731
3327
2290
758
4652
7460
5407
3184
1734
4555
7358
6900
3221
9014
6111
5975
7951
7532
3617
1338
7030
9092
9895
4778
1174
3239
5712
7190
1728
2158
8707
7093
3897
4021
392
7011
1389
8485
4331
4575
8331
3168
8759
8403
4451
9847
5430
3727
9750
1157
2001
3216
8219
6317
1266
8638
3431
7511
9584
1412
1748
8216
1455
9576
5848
265
3002
9199
8622
9099
4585
9466
3201
9041
3006
3862
332
1492
327
1327
7808
1984
7440
570
157
5490
8873
7580
2755
1753
3580
3878
8901
2918
2827
115
1712
9183
2554
4185
6844
6231
5105
650
6571
2535
14
9178
3310
7403
8306
1939
7184
8257
3603
9764
775
885
9419
357
1391
5422
6444
6869
5519
707
564
283
6214
2891
2150
1149
8937
6141
4482
1577
6879
6789
3998
7622
5475
9695
4269
5351
3447
1641
6694
643
9314
3063
9339
826
9764
2197
2794
1421
9787
8236
5131
5864
1970
9731
2963
419
5253
7156
3001
1042
3774
2026
2884
3986
6886
1797
4882
1695
1153
1092
3421
3877
4013
9921
968
3151
3552
1323
1385
6740
3347
3061
1790
8643
1657
8134
5651
5743
6731
3849
97
6290
8640
5651
6869
7288
178
5353
3940
7967
7314
1098
267
8694
4814
1254
1850
2048
8762
9812
6867
3929
5771
6260
7695
713
235
4241
2328
8751
6145
9138
4963
7303
994
7131
5237
8361
3052
3679
2972
8198
7383
3417
9425
2248
2793
3096
3829
403
6283
3602
6981
6919
6982
6167
518
2379
7956
6155
7053
5937
3024
5188
1821
8176
6134
2964
7699
7682
6016
3489
8996
5083
6839
8668
6546
2353
6834
5446
7919
7139
411
1925
2468
2542
2157
8044
321
4826
6612
2858
404
6896
6626
7035
5174
2194
1595
1249
6114
9829
5396
6146
4387
2794
4606
1897
79
8314
9621
8165
5544
2510
8236
9913
5525
1099
2720
9279
6019
8089
2643
2872
1069
3158
3084
2100
8456
9804
3493
4352
757
5585
9332
8090
1742
4264
7538
9673
7935
259
7965
2006
5205
8447
7313
7894
8659
6712
1509
4075
9474
2316
5230
8024
7186
2524
5077
1229
9710
2506
3440
274
4820
5269
7407
9959
3178
146
8170
1261
3561
3046
1343
5759
124
636
7666
2621
5844
5190
3440
1744
8295
9418
4877
8441
354
1307
904
9218
9187
6308
9963
5429
6818
7691
7186
9936
1040
7354
4716
8513
8541
248
514
6428
972
9470
7900
6549
4857
2455
5384
4519
9065
1696
1979
5402
391
8966
9604
1870
9242
8951
2073
7252
3083
5914
8941
2432
3450
7729
1581
8489
474
4926
3202
8046
8904
8449
7469
884
3407
4354
4361
6732
924
5443
6364
5121
5711
1784
9545
2074
7749
2845
9271
9589
8174
3262
3344
5058
529
5467
3099
7127
873
6894
4045
4138
8494
3932
6497
1941
1496
8720
8462
4887
4590
5341
6327
7639
9550
3819
6721
1665
8184
9507
740
7628
5655
3612
9872
5642
5104
2410
354
7940
1254
7233
5858
4029
1397
2225
6627
1779
5286
7603
577
9029
4383
4383
4999
2832
6934
5705
5507
6709
8745
1433
8943
1366
6154
6417
8483
4881
4059
855
6837
9085
8365
521
3633
7356
9483
2298
6242
7325
7192
4941
6379
581
8929
1710
3245
1272
8613
7039
8707
9399
6903
3644
9194
9820
8290
4492
7874
4980
3741
1745
7719
4430
766
1491
663
3861
750
7642
3349
4635
9463
8182
9517
3804
5054
8362
2436
4443
3172
7211
6268
7020
2147
7437
2182
4720
1327
3812
9065
4991
4423
1261
3583
5446
7222
1948
9814
7438
1047
9383
521
970
3690
4072
9936
8720
4127
5390
4766
9928
2055
3431
1807
6530
5477
699
2282
3328
9308
5942
2534
6937
8576
8357
212
8201
4599
4071
6581
3105
8547
4997
3396
3788
6689
5297
3329
8075
7501
3462
593
5936
9045
9137
2935
992
9453
7053
9969
6523
9666
6486
8129
5104
6849
3584
2394
5333
3860
1735
4120
55
8808
1661
1381
7058
34
8019
9840
179
7370
4207
5826
5846
5348
6598
7891
9439
5422
9219
8747
7546
4101
58
3439
2060
6867
8291
6939
3105
2903
7996
4215
5766
9341
538
7127
7384
7756
5877
957
1434
7212
9790
9152
5458
659
2283
9755
251
5692
2954
9910
4640
2987
6574
5954
8750
8222
9320
190
1742
1079
6735
7275
9374
9991
60
6504
4810
9470
507
1683
9544
8261
7312
333
4311
905
7980
1401
4584
8536
6688
7412
9949
8085
9575
2778
2766
4583
8377
9162
8435
5687
9215
354
476
2515
9778
5467
599
5779
4945
780
5184
1271
366
6378
5674
6241
1643
7844
242
7919
5606
3206
4390
9323
7326
1289
416
7281
3737
226
1092
1345
3247
3857
9046
6958
9856
1796
1127
2512
801
8804
3590
5907
2227
8677
7718
3196
7104
6525
2940
533
8920
515
81
6008
5964
1153
5188
8489
5050
3317
2042
4718
9688
3839
8024
6508
7331
8716
6384
9847
6716
7729
7117
6801
9615
8483
7095
8649
3570
7219
176
7211
7286
559
2425
2731
3776
3038
994
8703
6607
2637
7462
7483
6762
8872
6219
8388
653
1210
5865
8388
141
3093
3816
1190
3398
3279
6392
7481
4058
6539
4919
7831
3141
4830
7431
9128
1414
5292
2732
4293
7722
7681
3239
4078
267
9633
39
742
2263
8707
7995
2359
1354
1788
7070
4193
6742
1234
9333
496
6645
3513
4644
67
7718
9630
4342
1931
1441
7091
6974
5360
8477
1572
665
2460
9853
9737
923
3764
3240
5649
5217
5351
8543
2559
6477
1352
7760
3238
2386
179
5959
2235
7647
4209
3036
3172
6360
636
5291
8107
9301
5172
1733
2635
3882
9781
1123
4609
4339
7004
310
5569
7256
995
8295
9293
1523
5158
3153
2990
4171
8202
4704
6794
9401
6242
3925
6456
9424
6681
3377
287
8473
5133
6347
45
3618
5908
8677
6695
229
3150
8898
5381
9869
390
4979
6651
5914
3742
1648
1201
7482
2300
3935
1099
467
4938
3233
7640
5856
4666
5185
7658
3627
22
7095
2123
4647
8249
5675
5615
6481
6457
2761
1020
9304
9322
6924
9011
1262
7273
542
5681
5033
2175
2805
6172
1197
5248
9578
8679
2674
1037
839
5562
7965
1239
1754
9846
3294
2856
2004
7664
8067
6032
4720
1024
9539
2915
1794
1144
8014
4222
6377
8583
4124
9503
2625
1452
7217
923
925
9398
8670
6996
2940
5444
5618
7199
3055
8064
7568
7078
5716
8406
5269
2877
7614
9000
7454
1780
6633
8282
3454
8433
665
8451
4659
2255
1437
8461
8614
301
2629
2371
1930
2605
8994
1070
3091
9275
5405
2339
9860
3730
3575
935
8505
7970
3314
1247
1889
3624
3997
5436
4289
2643
5944
236
6331
4489
784
3363
5761
4593
9450
7267
4448
3345
6476
2663
3883
6543
5908
8178
6375
4293
8422
9723
4858
9729
9945
6688
8941
189
6571
4989
6304
7192
8081
9286
6660
8757
4739
8602
8491
2042
6578
5266
4279
6308
6486
5160
1494
650
7364
5345
7716
5818
9061
9995
4221
6220
5378
6602
4543
4096
4421
5571
8021
4460
962
7256
5263
7189
6003
5125
1804
7305
9687
4332
7715
3155
5444
8549
3242
4785
5194
8291
2825
1225
7272
485
8130
8086
5065
439
3378
8137
4059
4395
7620
1006
7244
9819
5345
9230
9896
4304
4646
2238
3541
411
6130
4729
2279
1065
776
6828
3359
9757
8901
6130
2746
6795
7187
476
9125
7177
2124
5564
1747
3667
3245
5292
6711
6709
5910
5624
3204
4011
4889
889
3644
586
7684
6861
4354
3401
5806
3999
9662
6550
4777
4302
5493
1490
8259
448
2631
4868
104
2719
2180
9082
491
9874
7165
838
8017
5570
5154
5151
3624
9347
4868
8011
2485
2160
9111
326
6121
5723
1370
8124
5901
5196
8889
8943
9799
5221
8450
5462
2993
8335
3907
2169
8709
4562
94
7810
9696
3516
5384
236
8845
4510
2925
5429
9433
7481
9004
6098
1337
2305
8746
4380
1348
4055
3180
5294
984
8221
1038
2795
7119
9692
2158
5289
5440
2698
9302
7922
2066
1300
629
2605
339
1134
9279
1391
2271
3460
9509
2317
6216
2351
4124
688
9588
9526
821
4653
1382
4799
6826
1474
2478
2588
3116
9152
2352
7636
9988
6735
8179
1082
4032
37
1675
6141
4041
214
4776
1788
3023
7523
8712
8721
6579
4768
5568
1469
5701
5914
1876
4648
6540
7266
4474
9155
126
7750
8017
126
9039
4635
3471
2773
4138
5134
8319
4087
9013
3446
5484
607
9876
9593
1776
9302
2761
3757
6009
8348
3584
882
1934
4074
4858
3530
4541
6765
5562
2520
6015
6291
2196
4650
2749
8388
4052
5938
4582
1444
6448
1480
2456
2255
429
1269
4772
6946
5490
5171
6393
6369
1740
9669
6542
8156
2700
9396
7915
608
592
1553
8524
6493
7431
9193
8410
5226
6844
3388
5250
6823
9174
4565
1899
2103
8425
9679
3644
3589
8758
7595
1275
391
6126
9645
4551
2527
8108
4592
5687
4655
8023
3974
851
4895
2956
5963
4823
1236
2858
9545
102
2101
9920
9570
7195
7175
7769
4438
9731
3020
5752
4325
1849
2997
277
8133
366
7785
4642
5883
7118
2252
7700
595
8799
5199
3713
7003
9146
2462
4855
2407
730
9212
7493
9173
470
6556
2449
7375
4757
3669
4861
2667
8903
3697
2124
7854
4617
4823
5597
7038
6594
6975
2427
7849
4401
9325
770
1995
3461
765
5291
7268
8164
3344
3595
2637
5504
1103
7662
3810
5335
7266
1125
3448
7390
5033
1691
5101
3074
5859
2386
4323
6865
7817
5813
3755
6784
9643
4772
1144
5785
454
3914
3991
8377
7592
4502
5559
102
9486
2350
3513
7160
1786
1702
9328
5849
8979
459
9368
7634
5668
8920
7602
8379
967
403
346
7531
9840
5853
5860
6331
6518
8024
4881
3351
7134
5071
9798
530
6132
4999
3588
3508
8872
7163
5078
6115
6484
7905
7805
9184
5404
3510
116
1533
6312
5612
7409
7188
4155
8027
261
3633
6489
7182
642
3762
6820
5976
8715
3908
660
8837
1501
669
5332
4093
9507
3804
5325
4231
1046
1934
8048
6676
927
3008
7908
3348
7039
1521
7661
2610
6374
8104
4738
9954
7018
1689
6521
1316
9294
507
9190
3896
8524
6566
2008
9447
6200
2218
6104
3605
1863
9924
6981
8326
5584
9813
6255
7634
5854
3471
8937
7193
6246
8049
2463
3397
5930
5377
7074
7817
7283
4009
4936
538
2744
4151
8152
4360
999
8460
7148
4821
5416
4056
747
6450
1123
6411
4370
7205
5434
8887
5462
5822
1570
1996
7650
474
4103
8611
3516
822
5143
8287
6321
7853
4987
6442
5581
1433
1661
1895
6634
7393
6323
4116
1776
2190
7302
6012
2274
9518
1007
9869
2383
8396
8546
9113
8968
748
6501
7677
256
2388
4943
6326
9677
7129
7734
2893
1462
4680
830
2937
5543
3539
2252
8068
9499
7453
219
5459
3171
8090
6337
3998
9814
5274
5903
7925
9306
5873
7473
4833
4931
3983
1638
4246
2449
9997
4438
4646
4455
4409
4550
7593
8688
8070
4325
8844
6143
478
9614
1515
528
1041
4505
2166
6050
945
6511
4403
1226
9809
3586
5589
7207
5996
8005
1560
1900
8005
5618
9502
3014
5572
1003
8762
3540
8744
5309
1743
948
7058
1781
8828
6259
5958
4304
3889
9477
9471
8195
1504
3485
35
3420
4646
822
8960
386
2691
65
2765
6943
8137
4859
112
8500
4955
37
5743
8625
7306
5635
4767
3454
4167
8028
4757
9330
1248
1692
4115
2082
2429
9810
4114
6016
2979
2152
6357
7940
4579
8357
2618
1678
8183
115
3643
3969
6146
7457
9348
3851
3734
846
888
5868
8718
6580
9253
6618
6064
9630
9137
999
5949
682
4514
8327
744
4096
5521
2803
3680
7802
4045
8948
3017
3088
5271
4051
4384
788
3183
3790
2343
263
8347
1583
8921
8245
7297
6398
2898
9739
1875
4948
9220
1618
5729
7500
5601
5315
3224
2050
1936
6545
171
5931
6800
1940
2851
5629
1309
5201
2233
5276
6447
5346
8656
5686
2335
2931
9406
2499
6798
9123
9905
3940
5927
9096
9728
1399
7359
7770
8450
9069
7563
1132
1854
5798
92
2415
4783
6981
5394
1668
5088
7697
7506
6598
8501
3873
2962
42
5165
2669
5909
725
5252
2813
6639
6230
4
7703
2211
1452
8269
3539
6750
3163
7713
5315
3492
2858
5593
9919
8147
2424
7105
5130
4034
2207
6434
9329
595
5854
8437
7316
2605
5781
3159
6838
5880
9040
9158
3861
2411
7080
4769
3942
3398
1549
946
4342
8884
3186
381
104
4448
5246
4521
3484
3620
121
8779
4431
9796
674
7107
6356
3014
952
933
969
4
875
9434
4452
3699
1732
7507
1067
7655
3162
1731
2485
1261
2091
444
7409
5473
8333
2867
7359
1259
9675
3217
5758
261
4726
4065
1736
9972
8412
927
2445
615
9977
4338
8009
3751
5928
6404
2716
7738
3453
5829
457
8389
6293
3170
7704
230
9698
883
4681
8085
3574
9710
328
7657
3676
4190
8973
7667
5770
1095
9242
2235
9286
1869
1284
7753
2434
3657
9544
1928
151
9620
7805
3846
2760
7368
3967
1555
6361
1506
274
7529
6245
4360
7040
267
4009
352
75
1738
7431
5049
1968
2358
6586
8222
9103
4424
1886
9950
7795
6040
1338
2753
7933
3954
1904
6482
4897
6307
223
7417
1306
4263
821
1712
5989
4926
4828
1016
3743
2082
3582
7806
4497
5102
7652
5446
7259
4538
8265
9543
9669
6410
3711
4233
6191
3492
6426
3086
8362
7527
5455
3767
1514
13
3743
7704
1537
4874
2232
4177
9595
869
6207
5712
2458
3531
8255
2831
6302
6458
9223
359
8042
679
7747
4895
552
6587
5521
2497
8499
1742
2654
6216
6627
9815
6291
4483
1359
9947
3909
2385
2305
4087
9947
8799
203
7998
1775
2659
5236
3595
6783
1903
8304
5096
5724
834
2265
8847
7152
4950
9352
9735
5677
7852
8214
9990
9085
2642
7240
3771
1472
6354
2549
6837
8053
3955
732
8948
4692
2553
4811
2862
7260
4903
4958
750
7912
1531
4090
5456
2217
2511
2795
8958
3033
2570
8410
2094
585
212
8913
9132
5418
1465
2123
429
9354
1466
7042
1769
102
3317
4154
4598
138
6489
2474
773
2894
7463
2078
7553
8552
1783
1553
8960
3559
3590
3804
5483
5544
8637
8363
4480
3639
5678
7443
5795
2780
4529
1396
6445
4488
2321
5353
8900
8357
8196
8820
6543
96
7636
9200
3121
8134
1360
580
3635
9911
3163
6869
5764
7662
1559
6224
1465
4954
9674
959
4459
9046
6678
7993
8364
6067
5632
3064
6230
6429
2653
602
5363
4770
7261
5387
7908
9436
5241
6345
2278
5098
3808
5884
9617
7659
5631
8783
2929
6097
3888
3945
8682
7236
4360
7497
3417
9643
835
7053
2501
8295
4350
7206
7257
2560
1506
994
401
6172
8315
2029
9713
3328
8680
9361
5237
794
8375
705
435
6849
135
133
2541
8708
1919
8126
410
9763
1969
8265
8600
8188
3843
3983
747
6602
8626
7056
6153
4637
8382
6756
7781
1858
4232
5353
8555
4998
2259
2622
1267
130
6617
5652
8159
4216
4664
8548
640
3380
584
637
4202
50
3428
1524
9485
4697
8614
8635
2167
1318
4552
5798
8466
3379
2352
682
4476
6565
9570
5412
7504
9346
6997
8470
1570
8191
5824
6530
1937
78
6415
2772
4053
7745
2553
7730
8430
2707
5868
3858
6383
3623
455
9948
5578
819
7185
4780
1864
3982
4072
4075
3810
5171
3132
4855
3053
4958
9954
1294
8873
2083
6698
2089
4903
1779
1745
721
825
4621
2251
1769
696
5711
9028
3881
8891
7048
2891
751
1005
1043
4665
7954
6005
2340
8962
8881
4612
7697
4676
3471
2752
4574
4985
4300
6924
8365
5045
3799
9073
6464
3954
7243
1730
2302
3378
8098
6143
9250
5964
6004
2067
9202
288
7829
7417
8744
6083
2562
2816
2863
6108
3127
9945
8780
9016
6122
725
4727
6957
525
2002
9092
1677
4541
7088
7422
6223
3703
8962
864
2737
5362
1733
8671
1404
3549
4286
7156
6883
8179
2282
2483
982
6210
355
827
7297
2950
3286
7256
7372
1416
2293
5438
4002
2974
7525
5747
740
9994
2521
2380
3599
1952
126
746
1394
1273
7375
5466
1836
3569
7844
8777
8243
9519
8109
5467
4185
6261
124
3272
417
1706
3491
1321
3068
6294
4669
8429
6024
8538
6415
6888
5658
9902
8883
9029
6083
9609
9433
6024
5575
7819
5419
3803
3571
3515
7195
4482
4864
2057
1562
4479
9869
9249
1963
1892
8461
8804
7677
5099
6603
8945
9442
3297
7154
955
3119
8341
635
9080
9383
4576
6828
4100
7696
2597
6286
9688
7749
9552
9099
186
3564
3966
6976
1935
7018
6409
7938
6991
568
7279
1931
4333
9420
6630
8377
2122
6648
2616
396
8854
3847
5784
2674
6986
7651
5769
1552
9365
5606
8772
1055
8124
6000
6417
5380
5475
6321
5218
3936
6710
402
3644
8511
2104
2644
2494
4680
1066
4220
4164
3039
5133
9156
244
6339
7780
1291
9989
4284
1249
4856
8573
1384
1795
6223
3807
8333
3003
1249
2901
5800
1430
8679
3686
8451
202
7273
570
4341
5157
1089
485
5145
1441
5733
5921
8968
5755
77
7600
4183
6331
934
2687
1853
1829
2259
6715
5880
8837
4161
1676
9817
1319
8364
1609
6454
5469
1793
6136
506
721
5647
9126
160
4370
3428
9943
6062
302
4839
2577
2926
3648
8717
9468
495
5991
1833
6622
7943
557
4689
5504
995
9412
668
3825
3077
4123
9467
3498
3962
3940
7093
3462
683
1807
2526
7482
8400
2316
653
5578
3997
1583
8750
6168
2601
8895
1113
462
3636
5170
8193
9949
6031
143
8131
747
3702
9602
6866
1938
834
1340
8615
8985
6555
5255
8784
8688
3464
4351
8221
5627
9904
9111
1506
9412
661
4500
1224
4181
3010
9004
9861
8791
5746
7143
7430
540
3676
1779
3780
8798
5449
8714
4743
2656
2968
9764
9612
7346
111
2425
6998
9285
6948
2566
45
6920
8636
8718
86
9201
8378
2684
8928
1830
1479
9823
3239
9411
7825
8243
5011
1685
570
9423
177
1189
4367
8849
6444
896
4887
3878
4070
584
2006
576
1843
3179
7098
509
1904
4957
1692
4579
420
2764
9785
2913
1177
3144
6525
201
9520
1867
7413
5312
8714
7525
2389
8855
2552
9786
2274
9189
4313
4499
8614
8344
9823
902
7980
59
2313
7315
6339
54
9992
5991
9002
7412
1404
1454
7672
3299
4370
4686
4357
2202
3170
6693
1861
4317
790
8242
7956
2118
2682
2503
265
5920
4150
1441
3089
274
5163
6466
7888
2205
5527
7359
5319
2723
8522
4977
7451
1098
2114
8974
4818
9627
142
6412
5173
3129
9041
3662
9269
4070
9358
4220
7371
7489
5726
3082
3262
9963
8364
7397
8136
7904
6797
2152
6674
5811
1374
9138
5795
5812
790
6858
4
3707
7684
638
5778
7738
6267
9959
1233
1500
7197
3817
2846
1307
9987
7830
6996
5440
1715
7488
2733
4716
838
6913
2829
7990
9737
9362
1755
9903
7867
3456
3280
2500
4216
3663
9804
5087
7304
5524
3695
8404
6163
6635
707
2980
9305
5367
5823
3544
2141
355
4097
3302
4124
5287
2869
770
7809
7788
8000
6904
8203
1330
3633
3741
537
346
7090
6324
8025
1909
8135
6190
3792
4329
8552
4203
6206
9848
8684
4369
3539
8211
7762
7512
9358
9977
8375
8928
794
9034
7278
9516
7523
6790
200
4833
3002
6966
2443
8959
8277
9498
5518
232
2219
7906
9510
9795
6734
8665
4564
7960
9103
3631
3365
9991
3567
6121
4382
559
1970
8161
5529
8991
4630
8619
8667
7001
4128
3718
1201
9240
7404
9725
6092
4040
2693
7530
5292
1451
467
8580
2193
2129
4469
9317
412
3891
3425
208
1265
6880
2583
1884
6988
115
3969
6527
5601
3599
9239
2508
5667
3015
7464
5324
555
9378
7539
9325
7298
6037
828
2931
91
3390
5967
3400
4521
5312
8207
4776
3575
3919
2453
4320
6656
5520
2737
5976
70
6165
1928
1692
2212
7959
2912
9178
4664
9145
8762
1033
6351
4100
2910
5227
6052
9651
1793
3597
4147
569
2006
288
5392
4462
8932
1748
562
3144
8667
5035
6641
1562
9254
1133
4109
9135
719
2132
477
6789
8735
5375
6550
7173
8424
9475
1009
7225
8268
7004
3727
9139
1829
9501
4159
1639
6300
7749
9026
1164
8615
1520
478
3726
4392
4789
4846
1776
1118
6916
8932
9661
3119
7357
1834
6630
3738
8218
6038
9457
739
3337
4875
1662
1308
7501
9733
9753
6973
2469
2835
2969
3105
9313
8174
7214
4897
2823
2780
3635
4629
9232
6106
1351
8072
4065
6020
4471
7666
7528
7901
8081
1711
9569
425
5277
6644
8816
2418
6890
5055
5093
4802
8649
4081
5962
6555
3806
9183
4619
1733
914
5438
2402
4827
1506
7231
3524
3590
7242
1481
5262
2086
9445
4568
4753
1258
3535
8887
2896
570
6081
404
5890
8580
9536
4429
7457
7270
2109
7510
2213
5287
3047
5795
6986
2643
9308
4741
8918
8046
3120
5225
5176
5409
9792
3006
5357
4080
9327
4704
3019
4918
6286
4049
5652
509
9548
3822
5291
7077
9773
6253
1480
9732
9267
9975
9038
3649
7581
2110
1950
8794
9968
4850
7449
855
5228
480
8787
6529
9071
3376
7943
7404
4490
7295
9000
8998
143
6476
3095
5485
9449
1841
8273
6867
3744
5443
6141
9817
3968
1708
6499
7216
2754
4225
4949
1436
6599
4796
5281
9067
5034
8762
8005
6396
8309
4075
5242
1972
974
40
3506
1105
9015
6464
9344
8127
6577
582
7110
9784
4339
8970
2561
7363
6877
726
4650
264
2345
7563
2398
5346
1195
4027
450
687
3836
1876
8557
9668
201
4168
8842
3927
8201
5394
8201
6289
4880
6822
4859
6017
7686
5496
4727
6064
6200
641
9519
7583
9425
4977
9626
3411
7642
8159
9909
4987
6013
8656
4290
4700
2024
7441
9582
170
128
8633
9162
1483
2525
8360
5383
5522
2703
6380
7659
5698
9300
4386
4486
3195
2356
974
243
5224
4541
5431
6285
41
5484
3214
276
6224
2532
158
3993
245
5913
4556
5936
7567
1479
8036
5057
1064
9593
4104
707
1261
500
4210
5686
1627
4170
1095
2344
1049
7197
4358
5629
4696
2347
9120
5998
9310
8084
9159
2990
2545
2387
7414
9785
4744
8450
6919
1715
4319
5916
9179
5631
437
4724
5024
9541
1273
7527
8649
2053
1436
7814
2943
3047
1555
8927
1239
5219
2358
2037
5746
2979
433
1113
8161
8874
3085
4425
942
3176
7250
9379
8024
5133
8018
8727
5191
9972
7323
9578
4724
1783
9435
7105
1553
4730
9443
4367
8230
5816
7210
1699
9356
2282
169
6199
5197
9324
6562
6149
6456
6848
6584
5472
4803
2056
9789
7810
5028
2827
3736
1267
7895
2780
7313
3963
3544
3327
9559
3430
9430
8717
6195
5126
5966
5550
22
5742
4963
1819
3529
5867
3409
1174
3122
7876
5198
3962
2302
9496
4941
1633
9338
5402
2080
5942
3804
6576
4968
6206
2654
1870
9764
3131
6719
7738
652
1458
9505
9252
2033
4047
2846
3209
9298
7868
7858
6721
9657
9436
8765
9582
1024
62
8489
7796
9378
792
3045
23
1746
3446
773
8757
9164
1659
6103
277
4454
5383
7223
3739
4456
3050
7462
893
8787
6129
6104
4211
8084
7082
6918
5532
7440
3072
845
9701
4641
8922
8359
9860
8413
9481
7505
8587
3273
4088
4044
7638
1765
7580
2266
4273
2212
5025
5125
7974
2600
7595
9009
3249
4688
8833
1939
4663
6527
5240
1316
6092
814
6401
5635
5531
7024
7363
5326
4974
5545
8875
7619
4698
2084
8465
2445
503
4816
2644
3320
2415
7946
2871
7101
7046
9913
5109
5172
9579
7542
2841
2060
8033
2772
7952
6824
5363
1944
6735
7249
4848
9699
150
2428
3724
9976
4311
1165
6222
6387
1435
9847
3882
1920
8900
8145
7943
9300
8589
5618
1914
2191
5746
7432
2703
6815
9586
1925
4131
1641
7082
8559
8080
5395
8471
2716
7795
442
3376
7070
5602
3944
8949
3191
6106
2994
8177
6112
3871
9806
8881
6063
3354
1117
5335
2657
3952
2718
9725
6909
389
2385
7033
4581
9305
2876
1766
8487
3448
6184
349
7501
5924
1519
15
7969
3242
2554
1325
9709
8637
3473
8054
4325
2760
1019
5204
6963
59
5813
8763
5077
716
6466
6680
3217
6910
4367
3886
3230
1227
9689
2664
7686
9456
1379
138
1835
1101
7365
9415
1397
1392
16
8271
6915
4330
2708
1821
8286
7672
4802
8427
7634
7420
5272
6784
9457
4839
6798
1059
8874
8668
8095
8481
8948
809
367
4868
1380
880
3369
5862
2694
6398
7366
3684
699
8195
9765
8886
4202
2545
5599
5558
6424
1262
5029
266
4184
4594
680
6996
4303
6305
540
2728
3297
1535
9323
6106
3963
7840
441
7406
4302
8940
5732
1236
54
1587
6085
1262
5073
7911
6857
6328
3069
2536
2057
7685
5779
101
683
6785
199
6372
1559
6388
5857
4637
387
9164
8871
3659
4923
6361
2104
8193
1255
7483
5529
3793
211
2596
8509
9418
1922
6391
9448
4212
9659
760
9478
1637
326
3861
7156
3655
7206
7930
7381
9343
5378
5416
1200
6920
2390
1414
2988
495
4223
4876
1281
4573
2156
1986
9889
8086
8275
780
4450
5168
6940
1645
4978
9626
9686
7234
3333
1061
9205
8448
986
3325
102
6185
8414
4795
1396
1589
7028
507
3402
8953
9988
4782
9478
4904
9481
8339
3972
9069
5380
6425
3479
2212
2403
3733
437
1573
7234
5156
8081
1927
1290
5775
3889
7956
4470
5970
3571
5094
6690
6686
3752
3942
1766
7987
1656
196
147
4781
7752
4993
7089
136
3068
4561
9845
7889
3781
4681
4357
9823
4355
1871
2426
1474
7662
4213
893
1522
434
3510
4767
8877
2379
8693
2672
9536
446
4416
2077
241
1425
2452
7403
3087
4838
1154
2706
9328
8110
6580
2188
8890
736
6866
2331
1880
1516
291
324
7443
9302
8625
4347
4242
225
8211
7756
4374
1888
309
7442
9364
2604
4115
8398
1902
4468
9338
6636
6508
1506
1564
3412
3853
1321
5876
8140
5513
6361
792
8020
155
4092
4633
938
2800
8105
3161
2862
6626
3397
8332
7440
7801
9138
2824
6286
6620
8468
429
7412
2178
3654
3815
5937
7738
5212
493
2920
4348
70
2243
8013
1096
2288
7287
5272
7970
3177
5597
3797
1307
6476
10
3111
3174
4124
5610
4715
8497
9590
1519
7044
5932
3379
5842
6501
277
8696
3200
7587
7611
240
8513
6555
1153
318
6344
5512
1851
7552
8316
3443
2870
6631
6104
5701
3644
703
2763
3613
9601
5777
4422
4758
8551
5198
2080
7716
6446
785
4994
9273
9976
8010
6185
1066
7963
3454
1957
2855
7779
98
2864
945
1274
8075
4174
9300
7274
140
2857
9573
5933
9587
7985
1833
5817
3754
8004
5955
8238
8627
9065
1065
2557
9042
3467
4860
446
5038
7738
189
8746
9907
5833
9503
2913
3477
3484
475
1024
2779
441
6306
7928
5420
3340
389
24
4351
5248
4208
5450
6002
4617
9152
1032
1799
8387
2232
4608
9314
8854
2236
2402
2667
827
6025
3753
8482
8920
2340
270
7529
4930
5458
8186
2759
3136
7137
5701
3078
4836
6094
9789
3529
4738
2743
5290
6681
8470
1114
5089
1252
5867
1710
3924
8205
3904
5261
4592
7314
6635
1541
5431
2908
3938
7921
1071
9158
966
8273
8662
1250
6530
1529
4478
2760
2447
8872
7928
8083
735
7071
12
7806
7250
9018
1661
3220
1533
9980
8855
7875
2544
8386
6442
3294
663
6880
9591
6817
1672
6132
5715
197
2451
3838
4721
4337
7232
1164
5758
5031
7332
6508
6579
9564
1529
7625
5657
4919
6259
7850
7624
985
9417
787
8706
8143
5086
1183
2097
5566
9280
1111
6411
4602
1356
9814
5354
3412
4296
7323
5988
369
4222
3823
543
6035
1806
6878
1765
3038
1222
4671
557
3821
8507
4729
779
1664
5132
6577
9251
6048
9067
191
5751
6221
97
1977
8207
1714
2270
2245
623
8935
1861
7255
6762
5593
244
2671
6337
8207
9418
9058
4343
4608
553
2589
6094
6626
9035
3690
8279
7718
8072
9940
1301
4030
8071
4321
5937
9829
8670
50
767
8977
4048
1621
1960
1252
7967
5186
1420
2461
240
1043
6629
8
5847
1143
5667
7507
5882
1581
2679
8579
3965
2905
863
1921
5953
2732
7521
5922
6733
6507
9537
9368
8291
5366
560
8931
629
4842
8659
3849
2270
5818
7477
7029
3310
1293
8183
6928
8654
8429
3947
7089
7371
2187
5011
1143
758
38
5299
5234
7664
5497
5728
3733
1506
7261
1717
481
583
6736
6878
1039
2922
8830
6309
8146
5427
3833
8610
4660
4548
593
7268
8303
2560
2447
1996
6103
354
9417
8172
590
9543
3424
6184
6772
90
3744
5523
6049
9575
7701
6345
1917
1551
2907
4166
8540
5878
6865
5715
6925
1428
639
686
7070
8229
7424
1173
9058
5264
5614
127
1166
8563
6287
1496
9498
2645
9537
8056
1683
8310
2561
5084
6847
4247
5350
6751
9652
8280
3456
225
3489
3701
1247
9162
8903
2738
9113
8542
2666
2571
6464
784
3961
7573
5179
3353
5264
1410
4668
5895
6340
8809
4032
8614
8866
5554
3838
2823
2879
672
1520
777
1808
5388
6638
7464
7316
7124
2593
6759
3531
995
5390
9112
1846
1777
1122
9273
9068
1996
1487
8242
3612
7560
3884
4679
9668
2632
295
3348
8899
6290
5662
1993
1050
5686
8975
8572
935
7714
6037
8139
8817
7908
2363
5345
3419
4920
6768
7089
4432
4564
3754
883
9185
3278
7165
4247
1504
1958
7795
4684
6828
9244
7860
7240
5332
3396
8061
6159
2801
2549
8338
1353
5959
3348
9424
5703
5197
8539
1260
4748
5864
3206
8916
4335
2535
4779
2807
7772
8521
4728
7068
8976
9918
1353
1310
9573
48
5122
12
22
6858
609
4288
1882
6226
2401
4924
5836
3853
1462
9050
2964
697
3047
8819
3622
328
3525
4705
553
588
289
7637
8073
5481
9361
1435
4605
2037
9851
5654
74
8527
1238
7889
5254
8917
7033
8108
134
9855
6971
3918
7059
5677
4103
8279
6871
2533
7688
9245
6523
417
9459
9433
6569
2971
6215
6401
6865
966
318
3799
4001
5807
8976
4437
9459
5157
3565
4704
3294
5416
4570
698
3617
6370
578
2395
1377
1082
4563
2072
4349
606
9131
9656
9067
1805
1320
2283
2702
631
1243
9168
9536
3171
9917
1251
6701
9666
8819
1713
8968
2983
5950
1107
5847
8760
5815
198
2392
3819
5024
5782
6402
8246
9449
3394
6676
9319
5369
7653
3837
1281
2002
2662
4173
5402
1161
446
6452
9327
5694
1711
2262
2850
3104
1365
4656
8023
3809
307
5990
1121
9890
8883
5607
5460
2765
1290
3722
6523
4575
7381
4296
1165
7875
7686
981
3288
6933
445
7599
5369
3746
3065
8124
3312
3520
3551
5142
8083
8738
8652
5510
5062
1663
2715
1390
3118
7054
8712
2636
9871
6724
9929
4752
8313
7414
1096
4974
5417
384
1368
1090
3363
2707
620
7375
6825
758
2294
1939
9214
6148
5638
7785
5922
1870
9233
9502
5159
6295
7862
6233
8221
7808
7727
8645
3816
8313
9810
5898
2423
8576
9724
7699
7369
7562
2146
2354
1042
5340
4565
2360
4759
6772
3422
3723
1085
2144
8829
6443
8181
1594
9815
9122
2521
5135
2868
5555
4980
1975
3558
8512
947
6396
9515
637
6423
7939
415
8359
9723
6878
8459
9819
1729
5502
1473
1448
4386
4003
7559
1671
9483
3367
7716
829
8761
601
5177
2234
4693
6591
7374
9066
1781
6052
1412
8363
7256
2784
7299
3146
1729
469
6719
1302
3135
9995
7392
7019
3661
1420
1168
976
4416
1886
9028
7580
8679
8686
1875
5822
2761
8180
3666
3131
9504
9392
8037
5676
4090
3110
4191
1601
6704
4412
9942
9013
6647
6414
7694
8765
3209
8158
8573
3273
5422
6397
4650
9894
7024
3832
9683
8570
908
1477
385
3548
6803
3588
1797
3742
1958
1715
2928
551
7228
9566
4272
3
1944
15
932
2265
991
3110
2613
4602
9607
393
7708
3107
4741
8142
8652
257
3427
5621
693
5226
4027
6394
2210
3059
4616
3951
6807
1493
5229
8022
6044
5856
2124
4646
7950
7009
2899
7417
7578
7798
8864
5782
3940
6410
5879
8690
9000
3816
3062
2671
7123
1607
8873
9045
5975
5549
7804
7873
7649
7040
6303
1119
9372
1585
4349
1852
982
94
191
1643
7357
6009
8042
2894
6362
8244
2453
5800
7180
5925
4950
2990
8430
2558
898
4436
6982
3078
8670
2401
9204
5026
9768
537
1495
7744
6409
2355
2060
4026
7707
8906
3624
1418
5313
1114
3565
5978
2682
7731
3096
2004
692
1723
2089
3312
2688
6814
687
9912
4869
7904
1423
7790
2439
2330
6241
7504
1399
8618
1834
98
3739
3153
8218
6044
9366
7012
7245
9784
870
1004
395
939
9305
7200
4333
8044
8448
8183
5055
9595
1667
2148
9156
9803
7482
5834
8979
2982
4872
6060
4579
4064
5896
2997
8264
7539
3505
6045
3946
5676
9568
903
9042
3865
7508
484
8485
5239
7996
8196
9056
3216
3562
2239
8430
1591
3996
8414
8562
3532
8032
4262
4911
4810
6424
6331
5043
6307
8935
6794
4539
2402
4237
9379
27
764
3106
5291
2295
6998
7348
3739
4985
6675
7004
1363
501
3656
4567
6673
3543
5090
7483
413
7643
5305
5991
4231
7441
1177
5440
2178
6304
1202
3657
6653
8979
4183
2211
7665
8485
8705
6119
1564
6183
4293
9277
8236
7806
5061
5829
1386
1740
2261
3250
9449
4919
3823
1735
4721
4773
8874
7850
1118
1557
5170
7435
3783
3018
350
2384
6317
1445
6901
8188
4838
8971
5918
4230
3350
6028
7755
6425
2379
5347
4053
437
4042
7951
4207
1734
5155
2448
7490
2892
9611
854
5001
6
1012
6857
5494
5217
7455
2677
9511
9941
4839
4073
8412
478
9001
9592
8385
8692
7017
2448
5470
5770
7504
4732
3393
5831
8810
8615
7228
3869
3954
4008
8577
3983
3969
5911
3218
6493
534
2537
8969
9702
5835
4111
5598
9969
9538
3729
2733
5563
4063
8797
5875
7162
5384
9230
2502
6279
3463
9662
6406
8839
5449
5642
5987
830
5496
4429
6508
3089
6374
1892
8158
4480
3478
5768
9935
3392
9133
3424
6292
5081
5882
1664
9806
5156
8133
1414
8598
4739
3409
6938
3029
872
6130
130
4253
193
8124
4768
4473
5109
7221
9644
9188
2171
639
1394
3684
9615
9294
9109
7145
39
3370
1325
2957
3784
5835
830
2697
4081
5830
1768
9679
9436
8862
7286
8349
3348
1515
9742
5268
4365
8951
1183
7859
6238
2475
7635
4517
6738
7730
8982
5444
4300
9792
2989
7501
4804
7172
469
4357
7294
2070
391
9278
5452
9964
9752
3308
3353
3044
335
8100
9552
3841
2780
1088
2186
3465
6718
1308
8199
6313
5958
6350
6847
6323
5378
9643
5873
9784
3545
6175
1046
5384
7973
2294
8559
1904
2407
6273
2723
4327
1163
3693
7395
882
5892
459
7012
1901
5315
1338
454
9160
6157
980
6111
4041
2430
9129
4586
108
7434
3569
9499
4160
7054
4168
5867
485
2528
282
1058
445
8585
3872
5150
2265
8955
5965
431
4919
2631
3972
4468
2206
5721
1885
9226
6993
6182
4518
9473
3278
1687
2614
6892
7593
4193
3234
3827
1723
4592
6527
9372
5032
280
9
575
2285
5830
3846
5085
6465
8697
9666
7477
3462
9100
7293
8439
5169
4942
8874
4302
8010
808
7780
8757
5970
6980
7556
8071
5720
2137
8707
327
6104
4599
9435
1925
5711
1309
6940
1162
2336
9432
3008
4580
2021
5136
3429
8492
6900
4795
8658
6781
5717
2224
1362
4224
2500
1251
4605
5305
8274
5775
9365
4327
9990
9338
1372
8862
9664
5368
2727
3860
8001
7712
1966
8577
7799
3199
6736
833
3550
9063
1171
924
3479
1926
4609
3879
3237
5211
9425
4460
6704
1635
2887
6560
67
8681
4590
2682
3764
4567
8827
1532
2068
4798
8779
8005
258
2784
6424
9300
4515
3771
1755
9210
4604
8440
847
8063
4729
7492
5625
4453
5942
8267
7155
6366
4824
5405
8510
9118
8609
4054
7069
8983
235
9638
8856
8681
3147
6603
3620
453
8786
124
9945
2932
9880
3676
1955
1626
7833
6527
7953
6271
8941
4374
5589
3801
7642
2413
3181
4853
4273
7306
691
460
6701
2772
8974
4965
9584
2166
4915
8125
3871
5172
5666
5818
8322
4223
6486
1147
3450
6883
1285
2081
6101
798
41
5861
4049
5055
1039
734
3422
8767
6179
1480
9432
9484
6230
7108
4701
6989
2042
5667
1611
9827
2399
3769
8708
9770
5479
3418
5927
2033
1403
7389
6020
8609
4359
5903
2730
3113
916
4528
1127
4181
4702
5104
8993
4185
6385
8837
7992
9377
6445
6460
4841
5617
470
6273
8398
6272
7153
4278
9575
7620
4807
1388
7364
8789
5459
823
5124
327
4377
1588
6073
7513
4540
7429
5124
7295
4775
4522
3385
6641
5426
6549
5587
4942
2548
403
8139
8085
7505
6458
5960
6637
4953
3506
9374
3314
7739
203
1873847708