0
0
2
5
6
7
8
9
10
11
12
13
14
15
19
20
21
22
23
24
39
40
41
42
43
44
45
46
47
48
49
50
51
52
53
54
55
56
16
58
59
69
70
71
72
74
75
76
77
78
79
80
88
96
97
98
99
100
101
102
103
104
105
106
107
107
107
108
115
116
117
118
119
120
121
122
91
123
124
125
137
138
139
140
141
142
143
144
145
146
147
148
149
160
161
162
163
191
192
193
194
195
196
197
198
199
200
201
202
213
214
215
216
217
58
218
219
220
221
222
223
224
225
226
227
228
236
237
238
239
240
241
245
246
247
248
249
250
251
252
253
254
255
256
257
258
259
260
261
982545500