0
1
2
3
7
8
9
13
14
15
16
19
20
21
25
26
27
28
29
30
31
32
33
34
35
36
39
40
41
52
53
54
55
56
57
59
60
61
62
63
68
69
70
71
72
73
88
89
90
91
92
93
94
95
96
97
98
99
107
108
109
110
111
817
112
115
116
117
118
119
120
121
122
123
124
125
126
127
128
152
153
154
155
156
157
158
159
160
161
165
166
167
168
169
178
179
180
181
182
183
184
185
186
187
188
189
205
206
207
208
209
214
215
216
217
218
219
220
221
222
223
224
225
226
227
228
962
229
230
231
232
233
253
254
255
256
257
258
259
260
261
268
269
284
285
286
287
288
289
290
291
292
293
294
295
296
297
298
299
300
301
302
303
304
305
306
307
308
309
336
337
338
339
340
341
342
343
344
345
346
347
348
349
350
351
352
353
354
355
169
356
357
358
359
360
361
362
363
364
365
366
367
368
369
370
376
377
384
385
386
387
388
389
390
391
392
414
427
428
429
430
431
432
433
434
435
442
443
444
445
446
447
448
449
450
451
452
453
454
455
456
457
458
459
460
461
462
463
464
465
468
469
31
470
471
505
506
507
508
509
510
511
512
513
514
515
516
517
518
519
520
521
522
523
524
525
526
527
528
529
530
531
532
533
534
535
536
537
538
539
540
541
542
543
544
545
546
547
548
549
550
551
552
553
554
555
556
557
577
578
579
580
581
582
583
266
584
585
586
587
588
589
590
591
592
593
594
595
596
597
598
599
600
601
602
603
604
605
606
607
608
609
610
611
612
613
614
615
616
617
618
619
701
702
703
704
705
706
707
708
709
710
711
712
713
714
715
716
717
718
719
720
721
722
723
724
725
726
556
727
728
729
756
757
758
760
761
762
763
764
765
766
767
768
769
770
771
791
792
793
797
798
799
800
801
802
803
804
805
806
807
808
809
810
811
812
813
814
815
816
817
818
819
820
821
822
823
824
825
826
827
828
829
830
831
832
833
834
835
836
837
127
838
839
840
841
842
843
844
845
846
847
848
849
850
851
897
898
899
900
901
902
903
904
905
906
907
908
909
910
911
912
913
936
937
938
939
940
941
942
943
944
945
946
947
948
949
950
951
952
953
954
955
956
957
958
959
960
961
962
963
964
965
966
604
967
968
969
970
971
972
973
974
975
976
977
1006
1007
1008
1009
1010
1011
1012
1013
1014
1015
1016
1017
1018
1019
1020
1021
1022
1023
1024
1025
1026
1027
1028
1029
1030
1031
1032
1033
1034
1035
1036
1077
1078
1079
1080
1081
1082
1083
1084
1085
1086
1087
1088
1089
1090
1091
1092
1093
1094
1095
1096
339
1097
1098
1099
1100
1101
1102
1110
1111
1112
1113
1114
1115
1116
1117
1118
1119
1120
1121
1122
1123
1124
1125
1126
1158
1159
1160
1161
1162
1163
1164
1165
1166
1167
1168
1169
1170
1199
1200
1201
1202
1203
1204
1205
1206
1207
1208
1209
1215
1216
1217
1218
1219
1220
1221
1222
1223
1224
1225
1226
1227
1228
1229
540
1230
1231
1232
1233
1234
1235
1236
1237
1238
1239
1240
1241
1242
1243
1244
1245
1246
1247
1248
1249
1250
1251
1252
1253
1254
1255
1256
1257
1258
1258
1259
1260
1261
1262
1263
1264
1265
1266
1267
1268
1269
1270
1271
1272
1273
1274
1275
1276
1277
1278
1279
1280
1281
1282
1283
1284
1317
1318
1319
1320
1321
1322
849
1323
1324
1325
1326
1327
1328
1329
1330
1331
1332
1333
1334
1335
1336
1337
1338
1339
1340
1341
1342
1343
1344
1345
1398
1413
1414
1415
1416
1417
1418
1419
1420
1421
1422
1423
1424
1425
1426
1427
1428
1429
1430
1431
1432
1433
1434
1435
1436
1437
1478
1479
1480
1481
1482
1483
1484
1485
1486
1487
1488
1489
1490
925
1491
1492
1493
1494
1495
1496
1497
1498
1499
1500
1501
1502
1503
1504
1505
1506
1507
1508
1509
1510
1511
1512
1513
1514
1515
1516
1517
1518
1519
1520
1521
1522
1549
1550
1551
1552
1553
1554
1555
1556
1557
1558
1559
1560
1561
1562
1563
1564
1565
1566
1567
1568
1569
1570
1571
1572
1573
1574
1575
1576
1577
1578
929
1579
1580
1581
1582
1583
1584
1585
1586
1587
1588
1589
1590
1591
1592
1593
1594
1595
1600
1601
1605
1606
1607
1608
1609
1610
1611
1612
1613
1614
1615
1616
1617
1618
1619
1620
1623
1624
1625
1626
1627
1628
1670
1671
1672
1673
1674
1675
1676
1677
1678
1679
1680
1681
1682
1747
1748
1749
1750
1751
1752
1753
1754
301
1755
1756
1757
1758
1759
1759
1760
1761
1762
1763
1764
1765
1766
1767
1768
1769
1770
1771
1772
1773
1774
1775
1776
1777
1778
1779
1780
1781
1782
1783
1784
1785
1786
1787
1788
1789
1790
1791
1792
1793
1794
1795
1796
1797
1798
1799
1800
1801
1802
1803
1804
1805
1806
1807
1808
1809
1810
1811
1812
1813
1814
1815
179
1816
1817
1818
1819
1820
1821
1822
1823
1824
1825
1826
1827
1828
1829
1830
1831
1832
1833
1834
1835
1836
1837
1876
1877
1878
1879
1880
1881
1882
1883
1884
1885
1886
1887
1888
1889
1890
1891
1892
1893
1894
1895
1896
1897
1898
1899
1900
1901
1902
1903
1904
1905
1906
2135801845