0
0
2
5
5
6
7
8
9
10
11
13
14
21
22
23
24
25
26
27
28
31
32
33
40
40
41
42
42
43
57
58
96
59
60
61
68
69
70
71
72
73
74
83
84
85
86
87
88
89
90
90
91
92
93
94
95
96
115
116
117
118
119
120
22
121
122
123
124
125
126
127
128
129
130
131
132
133
134
135
136
137
138
159
160
161
162
167
172
173
174
175
176
177
178
179
111
180
181
182
183
184
199
200
201
202
203
204
205
206
207
208
215
216
217
218
219
220
232
233
234
235
236
237
238
239
240
241
24
242
243
244
245
246
247
248
249
250
251
252
253
278
279
280
281
282
283
284
285
286
287
288
289
290
291
292
293
294
295
296
122
297
298
299
300
301
302
303
304
305
306
307
308
309
310
311
312
313
314
315
316
317
318
337
338
339
340
341
342
369
370
371
139
372
373
374
382
383
384
385
386
387
388
389
390
391
392
393
394
395
408
409
410
411
412
413
414
415
416
417
418
436
437
438
125
439
440
441
442
443
444
445
446
447
448
449
450
451
452
453
454
455
456
457
458
459
460
461
462
463
464
465
466
467
468
920152659